:Product: Daily Geomagnetic Data     2014_DGD.txt
:Issued: 1500 UT 30 Jan 2015
#
#  Prepared by the U.S. Dept. of Commerce, NOAA, Space Weather Prediction Center
#  Please send comment and suggestions to SWPC.Webmaster@noaa.gov
#
#                        2014 Daily Geomagnetic Data
#
#
#                Middle Latitude        High Latitude            Estimated
#              - Fredericksburg -     ---- College ----      --- Planetary ---
#  Date        A     K-indices        A     K-indices        A     K-indices
2014 01 01    11  0 1 1 3 4 3 3 2    33  0 0 2 5 7 5 2 3    12  1 2 2 3 4 3 3 3
2014 01 02    15  3 3 3 2 3 3 4 2    29  2 4 3 4 6 5 4 1    20  3 4 4 2 3 3 5 3
2014 01 03     7  2 2 2 2 2 2 2 1    13  1 1 3 4 4 3 2 1    10  3 2 2 3 3 3 3 2
2014 01 04     6  1 1 1 2 2 2 3 1    12  1 0 2 5 4 1 1 1     6  1 1 1 2 2 2 2 1
2014 01 05     4  1 1 2 1 1 2 2 0     2  0 0 2 2 1 0 0 0     4  1 1 2 1 1 1 1 0
2014 01 06     4  0 1 2 0 2 2 2 1     0  0 0 1 0 0 0 0 0     4  0 1 1 0 1 1 2 2
2014 01 07     7  0 2 0 1 2 3 3 2     4  0 1 0 1 0 3 2 1     8  1 2 0 1 1 3 3 3
2014 01 08     8  3 3 1 1 2 2 2 1     4  2 2 0 1 1 2 1 1     8  3 3 1 1 1 1 1 2
2014 01 09     7  2 2 2 1 2 2 3 1    10  2 1 3 3 3 1 3 1    10  3 3 2 2 1 1 3 2
2014 01 10     4  1 1 1 1 2 2 1 1     3  0 0 0 0 3 2 0 0     5  2 2 1 1 1 2 1 1
2014 01 11     3  0 0 0 0 2 2 2 1     2  0 0 0 0 0 1 2 1     4  0 0 0 0 1 1 3 2
2014 01 12     7  1 1 1 1 2 1 3 3     9  0 1 0 4 3 1 2 3     9  1 1 2 1 2 1 3 4
2014 01 13     6  2 2 2 1 2 2 1 1     5  3 1 1 2 2 0 0 1     7  3 3 2 1 1 1 0 1
2014 01 14     8  3 2 1 1 3 2 1 2    17  2 1 3 1 6 3 1 2    11  4 2 2 1 3 2 1 3
2014 01 15     3  1 1 1 0 1 2 1 0     3  1 1 1 2 0 1 1 0     4  2 1 1 1 0 1 1 1
2014 01 16     2  0 0 1 1 1 1 1 0     1  0 0 1 2 0 0 0 0     3  0 0 1 1 1 0 1 0
2014 01 17     2  0 0 0 0 1 2 1 1     1  0 0 0 0 2 0 0 0     4  1 1 1 0 1 1 1 2
2014 01 18     1  0 0 0 0 1 1 1 0     0  0 0 0 0 0 0 1 0     2  1 0 0 0 0 0 1 0
2014 01 19     2  0 0 0 0 2 2 1 0     0  0 0 0 0 0 0 0 0     2  1 0 0 0 1 1 1 0
2014 01 20     4  0 0 1 1 2 2 2 1     3  0 0 3 2 1 0 0 0     3  0 0 1 1 1 1 1 0
2014 01 21     6  2 1 1 1 2 2 2 2    11  0 0 2 4 4 3 2 1     8  3 1 2 2 2 2 2 2
2014 01 22     8  1 1 3 3 2 2 1 2    19  0 0 3 6 5 2 1 0     9  2 2 3 3 2 1 2 3
2014 01 23     5  2 1 2 1 1 2 2 1     3  1 1 2 2 1 1 0 0     6  3 2 2 1 1 1 2 1
2014 01 24     3  2 1 0 0 1 2 1 0     2  1 1 0 1 0 0 1 0     5  3 2 1 1 1 1 1 1
2014 01 25    -1  3 2 1 1 1 2-1-1    -1  0 0 0 1 2-1-1-1     8  3 2 2 1 1 2 2 3
2014 01 26     3  0 2 2 1 0 1 1 1     4  0 1 2 3 0 1 1 0     6  2 3 2 1 0 2 1 1
2014 01 27     3  0 1 1 0 2 2 0 1     1  0 0 0 0 1 1 0 0     4  1 1 1 0 1 1 1 1
2014 01 28     3  0 0 1 1 1 2 2 1     3  0 0 1 2 0 1 2 1     5  0 0 2 1 1 2 2 2
2014 01 29     6  1 2 2 2 2 2 2 1    10  0 1 3 4 3 3 1 0     7  2 2 2 2 2 2 2 2
2014 01 30     4  2 3 1 0 1 1 1 0     1  1 1 1 0 0 0 0 0     5  2 3 1 0 0 0 1 1
2014 01 31     2  0 0 0 1 1 1 1 0     0  0 0 0 1 0 0 0 0     3  0 0 1 1 1 0 1 1
2014 02 01     2  0 0 0 1 1 1 1 2     1  0 0 0 1 0 1 0 1     5  0 0 1 1 1 1 2 3
2014 02 02     4  1 1 1 0 2 2 2 0     1  1 1 0 0 0 0 1 0     4  1 2 1 0 1 1 2 1
2014 02 03     5  1 2 2 1 2 2 1 1     4  0 1 0 1 2 3 0 0     6  2 2 2 1 1 2 1 2
2014 02 04     4  1 1 1 0 2 2 1 1     0  0 0 0 0 0 0 0 0     5  2 2 1 1 1 1 1 1
2014 02 05     5  0 2 1 0 3 1 1 2     1  0 0 0 0 1 0 0 1     4  1 1 1 0 2 1 1 2
2014 02 06     5  1 2 1 2 2 2 1 1    14  1 1 1 4 5 4 1 0     9  2 3 2 2 3 2 2 1
2014 02 07     7  0 0 1 2 1 2 2 4     5  0 0 1 3 1 1 2 2     9  1 0 2 2 1 3 3 4
2014 02 08    19  4 4 3 2 3 1 2 5    24  3 3 5 4 5 3 3 2    23  4 4 4 2 2 2 4 5
2014 02 09    11  3 2 3 1 3 2 3 2    25  3 3 5 1 5 5 3 2    18  4 3 3 1 3 3 4 3
2014 02 10     9  2 2 1 2 1 1 4 3     8  2 1 2 3 1 1 3 2    12  3 2 2 2 1 1 4 4
2014 02 11     3  1 1 1 0 1 1 1 2     3  2 1 1 1 0 0 1 2     6  2 2 2 1 1 0 1 3
2014 02 12     5  3 2 1 1 1 2 1 0     6  3 0-1-1-1 2 1 1     9  3 3 2 1 1 2 2 1
2014 02 13     2  0 0 0 1 1 1 1 0     0  0 0 0 0 0 0 0 0     3  1 0 1 1 0 0 1 0
2014 02 14     4  0 0 1 1 3 2 1 1     0  0 0 0 0 0 0 0 0     4  0 0 1 1 2 1 1 1
2014 02 15     7  0 0 0 0 3 2 2 4     6  0 0 0 0 2 3 2 3    11  0 1 0 0 3 3 3 5
2014 02 16    14  4 3 2 2 3 3 3 2    16  3 2 2 3 3 5 3 2    22  5 3 2 2 3 4 4 3
2014 02 17     4  1 0 1 1 1 1 2 2     2  1 1 1 1 0 0 0 1     5  2 1 1 1 1 1 2 3
2014 02 18     6  1 0 1 1 2 2 2 3     8  1 0 2 1 3 3 3 2     7  1 0 2 2 1 2 3 3
2014 02 19    30  4 5 5 5 5 2 2 2    57  3 6 5 7 7 3 2 2    47  5 6 6 5 6 3 2 3
2014 02 20    27  1 5 5 5 5 2 2 2    59  1 5 5 8 6 4 3 2    39  2 6 6 6 5 3 3 3
2014 02 21     9  2 2 2 3 2 2 2 3    19  2 1 4 5 4 4 2 1    12  3 3 3 3 2 3 2 3
2014 02 22    11  4 3 2 3 2 2 2 1    19  4 2 3 5 4 3 2 1    14  4 3 2 3 2 3 2 2
2014 02 23    12  2 2 3 2 3 3 3 3    32  1 2 2 5 5 5 6 3    17  2 2 3 3 3 4 4 4
2014 02 24     5  1 1 2 2 2 2 2 0     8  1 2 2 4 2 2 1 0     7  2 2 2 3 2 2 2 1
2014 02 25     3  1 0 0 0 2 2 1 2     4  1 0 0 2 3 1 0 1     4  2 0 1 1 1 1 1 2
2014 02 26     3  2 0 0 1 2 2 1 0     0  1 0 0 0 0 0 0 0     4  2 0 1 1 0 1 1 1
2014 02 27    15  1 1 0 0 3 4 5 4    24  0 0 0 2 4 6 5 4    24  1 1 1 1 3 4 6 5
2014 02 28    10  3 2 3 3 2 3 1 1    -1  3 2 4 6 1-1-1-1    13  4 3 4 3 2 3 1 1
2014 03 01     6  2 1 2 1 2 2 2 2     3 -1-1-1-1-1-1 1 1     7  2 2 2 2 2 1 2 3
2014 03 02     3  2 1 0 1 2 1 1 0     2  2 1 0 0 1 0 0 0     5  3 2 1 1 1 0 1 1
2014 03 03     6  2 2 2 1 2 2 1 1     6  0 1 2 3 3 1 0 1     7  3 2 2 2 2 1 1 1
2014 03 04     8  2 2 0 3 3 2 1 2     7  1 0 0 4 3 2 1 1     8  2 1 0 2 3 2 2 3
2014 03 05     6  1 1 1 1 3 2 2 1     7  1 0 0 4 3 2 1 1     7  2 1 2 2 3 2 2 2
2014 03 06     5  1 0 0 1 2 3 2 1     5  0 0 0 1 4 2 1 0     6  1 1 1 2 2 2 3 1
2014 03 07     3  0 1 0 1 2 2 1 1     0  0 0 0 0 0 0 1 0     4  1 1 1 1 1 1 1 1
2014 03 08     5  1 1 1 1 2 2 1 2     1  0 0 0 2 0 0 0 0     4  1 1 1 1 1 1 1 1
2014 03 09     2  1 0 1 1 0 1 1 1     0  0 0 0 0 0 0 0 0     3  1 0 1 1 0 0 1 1
2014 03 10     4  1 1 1 2 2 1 1 0     7  0 0 0 5 2 0 0 0     6  1 1 1 3 2 0 1 1
2014 03 11     4  0 0 0 2 2 3 1 1     2  0 0 1 1 2 1 0 0     4  0 0 1 2 1 1 1 1
2014 03 12    -1  2 0 1 2-1-1-1-1     2  1 0 0 0 1 0 1 1     6  2 1 1 1 1 1 2 3
2014 03 13    -1 -1-1-1-1-1-1-1-1    14  3 4 3 4 3 2 1 1    13  5 4 3 2 2 1 2 1
2014 03 14     5  1 2 2 1 2 1 1 1    11  0-1-1 4 4 2 1 0     6  1 2 2 1 2 2 1 1
2014 03 15     3  2 1 1 0 0 1 1 2     2  1 0 2 1 0 0 0 0     4  2 1 1 1 0 0 1 1
2014 03 16     1  1 1 1 0 0 0 0 0     1  0 0 2 0 0 0 0 0     3  1 1 1 0 0 0 1 0
2014 03 17     2  0 0 0 0 1 1 1 1     0  0 0 0 0 0 0 0 0     3  0 0 1 1 0 0 1 1
2014 03 18     5  1 2 2 1 2 2 2 0    11  0 0 5 3 3 2 1 0     6  1 1 2 2 2 1 2 1
2014 03 19     2  1 0 1 1 1 0 1 1     7  1 1 4 3 1 0 0 1     5  2 1 2 1 1 1 1 1
2014 03 20     4  1 2 1 1 1 1 1 1     3  1 1 0 3 1 0 1 0     6  1 2 2 2 1 0 1 1
2014 03 21    10  3 2 3 2 2 3 2 2    16  2 2 4 5 3 3 1 1    10  3 2 3 3 2 3 2 2
2014 03 22     7  2 1 1 2 3 2 2 1     5  1 0 0 0 4 1 1 0     6  2 1 1 2 2 1 1 2
2014 03 23     7  1 2 2 2 2 2 2 2     4  1 1 1 1 1 1 2 1     6  2 2 2 1 1 1 2 2
2014 03 24     4  1 0 1 2 2 2 1 0     1  1 0 0 1 0 0 0 0     5  2 1 1 2 1 1 1 1
2014 03 25     7  0 0 0 2 3 1 3 3     4  0 0 0 1 1 0 3 2     8  1 1 1 2 2 1 3 3
2014 03 26     7  3 1 3 2 2 1 1 1     8  3 1 4 3 0 1 1 0     9  4 1 4 2 1 1 2 1
2014 03 27     7  1 1 1 3 3 1 2 1    15  1 1 1 5 5 3 1 0     7  2 2 1 3 2 2 2 0
2014 03 28     9  1 1 1 2 3 2 3 3     7  0 0 1 2 4 1 2 2     8  1 1 1 2 2 1 3 3
2014 03 29     9  3 2 0 2 2 3 2 3     5  2 1 1 3 2 0 0 1     8  3 2 1 2 1 1 1 3
2014 03 30     5  2 0 1 2 2 2 1 1     2  1 0 0 2 0 1 1 0     5  2 1 1 2 1 1 1 1
2014 03 31     8  1 1 1 1 3 4 2 1     8  1 1 1 1 4 3 2 0     7  0 1 1 2 3 3 2 1
2014 04 01     5  1 1 0 2 2 2 1 2     4  1 0 1 0 1 3 1 1     6  1 1 1 1 2 2 1 3
2014 04 02     6  1 1 1 2 2 2 2 2     2  1 1 0 1 0 1 1 1     5  1 1 1 1 2 1 1 2
2014 04 03     7  1 1 1 3 3 2 1 1     9  1 1 1 3 4 3 1 1     6  1 2 1 2 2 1 1 2
2014 04 04     5  1 1 1 2 2 2 1 1     3  0 1 2 1 2 0 0 0     6  1 2 2 2 2 2 1 1
2014 04 05    11  1 0 2 3 3 3 3 3    17  1 1 2 5 5 3 2 2    14  2 1 2 4 4 3 3 3
2014 04 06     3  2 0 0 1 2 1 1 1     2  2 1 0 0 0 1 0 1     5  3 1 1 1 1 1 0 2
2014 04 07    10  2 0 2 2 3 4 2 2    16  1 1 1 2 4 6 1 1    11  3 2 2 1 3 4 2 2
2014 04 08     4  2 1 0 2 2 2 1 0     4  1 1 0 2 3 0 0 0     5  2 1 0 2 2 1 1 0
2014 04 09     5  0 1 2 2 2 2 2 1     6  0 0 2 2 4 2 1 0     5  1 1 2 2 2 2 2 1
2014 04 10     4  0 0 0 2 2 2 2 1     1  0 0 1 1 0 0 0 0     3  0 1 1 1 1 0 1 0
2014 04 11     7  0 2 2 2 2 2 2 3     5  0 0 2 1 2 3 2 1     8  1 2 2 2 1 2 2 3
2014 04 12    16  4 3 3 3 3 3 3 2    37  4 4 5 4 7 3 2 2    25  5 5 5 3 3 2 3 3
2014 04 13    13  3 3 3 3 3 2 3 2    21  3 4 5 5 3 2 2 1    16  4 4 3 3 2 2 3 2
2014 04 14     7  2 1 3 1 2 2 2 2     6  2 1 3 2 0 1 2 1     8  3 2 3 2 1 1 2 2
2014 04 15     5  1 2 2 1 2 1 1 1     3  1 1 2 2 1 0 1 0     6  2 3 2 2 1 1 1 1
2014 04 16     5  0 1 1 2 2 1 2 2     4  0 0 0 3 3 0 1 0     5  1 1 1 2 2 0 1 2
2014 04 17    11  3 3 2 2 3 3 2 2    15  3 2 1 2 4 5 2 1    11  3 3 2 2 2 3 2 1
2014 04 18     7  1 2 1 2 2 2 1 3     6  2 3 0 2 1 1 2 2     8  2 2 1 2 2 1 2 3
2014 04 19    13  3 3 3 2 3 3 3 2    19  2 3 4 4 4 4 3 1    15  4 4 3 3 2 3 3 2
2014 04 20    20  3 2 1 4 5 3 3 4    18  3 2 1 3 4 5 3 3    22  3 2 1 3 5 4 4 4
2014 04 21    18  4 4 3 4 3 3 2 2    30  4 5 3 5 5 5 1 1    18  4 4 3 4 3 4 2 2
2014 04 22     4  1 2 2 1 1 1 0 1     2  1 1 1 1 0 1 0 0     5  1 2 1 2 1 1 0 1
2014 04 23     6  0 1 1 3 2 2 2 1     7  0 1 1 4 2 2 1 1     7  1 1 1 2 2 2 2 2
2014 04 24     8  2 1 2 2 3 2 2 2    18  2 2 3 5 4 4 2 2    10  3 2 3 2 2 2 2 3
2014 04 25     7  3 2 0 2 3 1 2 1    11  2 3 1 3 4 2 2 1     9  3 3 1 2 2 2 2 1
2014 04 26     8  1 3 2 1 3 2 1 2     6  1 2 2 3 3 1 0 0     6  1 3 2 1 2 1 1 2
2014 04 27     4  1 0 0 1 3 1 2 1     1  2 0 0 0 0 1 0 0     4  1 1 1 0 1 1 1 2
2014 04 28     7  1 2 2 2 3 1 1 2     9  2 2 2 5 1 0 0 0     6  2 3 2 2 1 1 0 1
2014 04 29     7  1 0 0 1 3 1 1 4     1  1 0 0 0 0 0 0 2     6  2 1 1 1 1 1 1 4
2014 04 30    12  3 2 3 3 4 2 2 1    36  3 4 5 5 5 6 3 2    18  3 3 4 3 4 3 3 1
2014 05 01     5  1 3 2 1 2 1 1 0     5  2 3 1 0 1 1 2 1     6  2 3 2 1 1 1 1 1
2014 05 02     3  1 2 1 1 2 0 1 0     1  1 1 0 0 0 0 0 0     3  1 2 1 1 1 0 0 0
2014 05 03     5  0 0 0 1 2 2 2 3     2  0 0 0 0 0 0 2 2     7  1 1 1 1 1 2 3 3
2014 05 04    15  2 4 4 3 4 2 1 1    25  3 5 6 4 3 2 2 1    16  3 4 4 3 3 2 2 1
2014 05 05    11  1 3 3 3 3 2 2 2    10  1 3 3 3 2 3 2 1    10  2 3 3 2 2 2 2 2
2014 05 06     4  1 1 1 1 2 1 1 1     1  1 1 1 0 0 0 0 0     3  1 1 1 1 1 0 0 0
2014 05 07     5  0 0 0 2 3 1 2 2     3  0 0 0 0 3 1 0 1     4  0 1 1 1 2 1 1 2
2014 05 08    13  2 3 3 3 2 3 3 3    41  3 4 5 7 3 5 2 4    20  2 4 3 4 3 4 3 4
2014 05 09     8  3 2 3 1 2 1 2 1     9  4 2 4 2 0 0 0 1     8  3 2 3 2 1 1 1 1
2014 05 10    10  2 3 2 2 3 1 2 3     8  2 3 3 2 0 1 2 2     9  2 3 2 1 1 1 3 3
2014 05 11    10  3 3 1 2 3 2 2 2    18  4 4 3 5 2 2 1 2    12  4 3 2 3 2 2 2 3
2014 05 12    10  2 2 3 2 4 2 2 1    12  2 3 3 4 3 2 1 1     8  2 2 3 2 2 2 2 2
2014 05 13     7  1 2 1 2 3 2 2 2    -1  1 1 2 2 1 1 1-1     5  1 2 1 1 1 1 1 2
2014 05 14     8  1 1 1 2 4 2 1 2     6 -1 2 1 1 3 1 1 2     6  1 1 1 1 2 2 1 2
2014 05 15     5  1 1 1 1 3 1 1 1     3 -1 2 1 0 0 1 1 1     5  2 2 1 1 1 1 1 1
2014 05 16     6  1 1 1 2 3 2 2 1     4  2 1 1 1 2 2 1 0     5  2 1 1 1 2 2 1 1
2014 05 17     4  1 0 0 1 3 2 1 1     2  1 1 1 2 1 0 0 0     4  1 1 1 1 1 1 0 1
2014 05 18     5  2 1 1 1 2 2 2 1     5  2 2 1 1 1 2 1 1     5  2 2 1 1 1 2 1 1
2014 05 19     4  0 2 1 1 2 1 1 2     4  1 2 2 1 2 1 0 1     4  1 1 1 1 1 1 1 2
2014 05 20     4  1 1 1 1 2 2 1 1     3  1 1 2 2 2 0 0 0     4  1 1 2 1 1 1 0 0
2014 05 21     3  0 0 1 1 2 1 1 1     2  1 1 1 1 1 0 0 0     3  1 1 1 1 1 0 0 1
2014 05 22     9  2 1 1-1-1-1 3 3     7  1 1 1 2 2 3 2 2     9  1 1 2 1 2 3 2 3
2014 05 23    17  3 3 1 1 2 3 4 5    12  3 2 2 1 1 3 3 4    19  3 2 1 1 2 4 4 5
2014 05 24    -1  2 2 2 1-1-1-1-1     6  2 2 2 1 3 2 0 1     6  2 2 2 1 1 1 1 2
2014 05 25    -1 -1-1-1-1-1-1-1-1     4  2 2 1 1 1 1 1 0     4  2 2 1 0 1 1 0 1
2014 05 26    -1 -1-1-1-1-1-1-1-1     2  1 1 2 1 1 0 0 0     4  2 1 2 1 0 0 0 0
2014 05 27    -1  4-1-1-1 2 2 1-1     2  0 0 1 1 1 0 1 0     4  1 1 1 1 1 1 1 2
2014 05 28     5 -1-1-1-1 2 1 2 1     4  2 2 1 1 1 0 1 1     4  2 1 1 1 1 1 1 2
2014 05 29     8  1 0 1 3 3 3 2 2    10  1 1 1 4 4 2 2 1     7  1 1 1 3 2 2 2 1
2014 05 30     8  0 2 2 3 2 2 3 2    12  1 1 3 3 4 3 3 1     9  0 2 2 2 2 2 4 2
2014 05 31     4  1 2 1 1 1 2 1 1     2  1 1 1 1 1 0 0 0     4  1 2 1 1 1 1 1 1
2014 06 01     5  1 1 2 2 2 2 1 1     1  0 0 1 1 1 0 0 0     5  1 1 1 2 1 1 1 1
2014 06 02     5  1 1 1 1 2 1 2 2     2  1 1 0 0 0 0 1 1     5  1 1 1 1 1 1 1 3
2014 06 03     5  2-1-1-1 1 2 2 1     5  3 2 1 1 0 1 1 1     7  3 2 1 1 1 1 2 1
2014 06 04     6  1 2 2 1 2 2 2 1     5  2 2 1 3 0 1 1 1     5  1 2 2 1 1 2 1 2
2014 06 05     7  1 2-1-1 1 2 2 3     8  1 2 1 4 2 1 2 2     7  2 2 1 2 1 1 2 3
2014 06 06     5  2 1 0 1 2 2 2 2     3  2 2 0 0 0 1 1 2     6  2 2 0 1 1 2 2 2
2014 06 07    14  2 2 2 1 3 3 4 4    11  2 2 2 4 2 2 3 2    13  2 2 2 2 2 4 4 4
2014 06 08    -1  4 5 5-1-1-1-1-1    36  4 5 5 6 5 3 3 2    39  3 6 6 5 5 4 3 2
2014 06 09     3 -1-1-1-1-1 1 2 0    11  1 2 3 5 2 1 1 1     5  1 1 2 2 1 1 2 1
2014 06 10     7  1 1 2 2 3 2 2 2     4  1 1 1 1 1 1 2 2     7  1 1 2 2 2 2 2 2
2014 06 11     8  2 2 2 3 3 1 2 1     9  2 1 1 4 3 2 2 1     7  2 2 2 3 2 2 2 1
2014 06 12     5  1 2 0 2 2 1 2 1     2  1 2 0 0 0 0 0 1     4  1 2 1 1 1 1 1 1
2014 06 13     6  1 0 1 2 3 2 2 2     2  1 0 0 0 1 1 1 1     5  1 1 1 1 2 2 2 2
2014 06 14     8  2 2 3 2 2 2 2 2    11  3 3 4 3 1 1 0 2     8  3 2 3 2 1 1 2 2
2014 06 15     9  2 1 2 4 2 2 2 1     4  2 1 2 2 1 0 1 0     5  2 1 2 2 1 1 1 1
2014 06 16     7  1 1 1 2 3 2 2 2     5  1 1 1 0 3 2 1 1     5  1 1 1 1 2 2 1 1
2014 06 17     9  2 2 3 1 2 2 2 3     7  2 2 3 2 2 1 1 2     8  2 2 3 2 2 1 2 3
2014 06 18    13  3 1 2 3 2 3 3 4    18  3 3 4 3 3 3 3 4    16  3 2 2 2 2 3 4 5
2014 06 19    10  3 3 3 2 2 2 2 2    13  3 3 4 3 3 2 1 1     8  3 3 2 2 1 2 2 2
2014 06 20    10  1 1 3 3 3 2 2 3    18  2 2 5 5 3 3 1 1     9  1 2 2 2 3 3 2 3
2014 06 21     7  1 2 2 3 2 2 1 1     8  2 2 4 3 1 0 0 1     6  2 2 2 2 1 1 1 1
2014 06 22     7  1 2 1 2 3 2 2 1     2  1 1 0 0 1 1 1 1     4  1 2 1 1 1 1 1 2
2014 06 23     7  1 0 0 1 3 2 1 4     1  0 0 0 0 0 0 0 2     5  1 1 0 0 1 1 0 3
2014 06 24     7  2 3 2 1 2 1 2 1     5  3 2 3 1 0 1 0 0     6  3 3 2 1 1 1 2 1
2014 06 25     8  1 1 2 2 2 3 2 3     4  0 1 3 2 0 1 0 1     6  1 1 2 2 1 2 2 2
2014 06 26     7  1 0 1 3 3 2 2 1     6  0 0 0 3 4 1 0 0     5  1 1 1 2 2 1 1 1
2014 06 27     4  1 1 0 1 2 1 2 2     2  1 0 0 1 1 0 1 1     4  1 1 0 1 1 1 2 1
2014 06 28     6  1 1 1 2 3 2 2 1    16  1 2 1 3 5 5 0 0     6  1 2 1 2 3 2 2 1
2014 06 29     7  2 2 2 1 2 1 2 3     5  2 1 2 1 2 0 1 2     8  3 2 2 1 1 1 2 3
2014 06 30     7  3 1 1 2 2 2 2 2     4  3 2 1 0 0 1 1 0     6  3 1 1 1 1 1 2 1
2014 07 01     6  1 2 1 2 2 3 1 0     3  1 2 0 0 0 2 1 0     4  1 2 1 1 1 1 1 1
2014 07 02     5  0 1 1 2 2 2 2 1     4  0 1 1 1 3 1 1 0     5  1 1 1 2 1 2 1 1
2014 07 03     8  2 2 2 3 2 1 2 2    18  1 3 4 6 3 1 0 0     6  2 2 2 3 2 1 1 1
2014 07 04     6  1 0 2 2 3 1 2 1     3  2 2 2 1 1 0 0 0     5  2 1 2 2 2 0 0 1
2014 07 05     5  0 0 1 2 2 1 3 2     0  0 0 0 0 0 0 1 0     4  1 1 1 1 1 1 1 1
2014 07 06     6  1 0 1 2 2 3 2 1     0  0 0 0 1 0 0 0 0     5  1 1 1 2 1 1 1 1
2014 07 07     5  2 1 1 2 2 2 1 1     3  1 1 1 1 1 1 1 1     6  2 1 1 2 2 2 1 1
2014 07 08     8  1 0 2 2 4 2 2 2     6  1 1 2 1 3 2 1 1     6  1 1 2 1 2 2 2 2
2014 07 09     8  2 1 2 1 2 3 2 3     9  2 2 2 3 3 1 2 2     7  2 2 2 1 1 2 2 3
2014 07 10    11  3 3 3 1 3 2 2 2     9  3 3 3 2 2 2 1 1     8  3 2 2 1 2 2 2 2
2014 07 11     7  1 1 2 1 3 2 2 2     6  1 2 2 3 2 1 1 1     6  2 2 2 2 1 2 2 2
2014 07 12     7  1 2 2 3 2 2 2 0    20  2 4 4 4 5 3 1 1     6  2 2 2 2 2 1 1 1
2014 07 13     6  2 2 1 2 2 1 1 2     3  1 2 1 1 1 0 0 1     5  1 2 1 2 1 1 1 2
2014 07 14    10  2 1 2 2 2 3 3 3     4  1 0 1 1 2 2 2 1     9  2 1 1 2 3 3 3 2
2014 07 15    10  2 2 3 3 3 2 2 2     7  2 2 2 3 3 1 0 1     7  2 2 2 2 2 2 1 1
2014 07 16     5  1 1 2 2 2 2 1 1     4  1 1 2 1 2 1 1 1     5  1 1 2 1 1 1 1 1
2014 07 17     6  1 1 1 1 3 2 2 2     2  1 1 1 0 0 0 0 1     5  1 1 1 1 1 1 1 2
2014 07 18     4  1 0 1 1 2 2 2 1     1  1 1 0 1 0 0 0 0     3  1 1 1 1 1 0 0 1
2014 07 19     3  0 0 0 1 2 2 1 1     1  0 0 0 2 0 0 0 0     3  0 1 1 1 1 0 0 0
2014 07 20     4  1 0 1 1 3 1 1 1     1  0 0 1 0 0 0 0 1     3  1 1 1 0 1 1 0 1
2014 07 21     5  1 0 1 1 2 2 2 2     3  1 0 0 2 2 1 1 1     5  1 1 1 1 1 2 2 2
2014 07 22     6  2 1 1 1 3 2 2 1     3  2 0 0 0 2 2 0 0     5  2 1 1 1 2 1 1 2
2014 07 23     7  0 1 1 1 3 1 3 3     2  0 1 0 0 0 0 2 1     6  1 1 1 1 1 1 3 3
2014 07 24     6  1 2 1 2 3 1 2 1     2  0 2 1 1 1 0 1 0     5  1 2 1 2 2 1 1 1
2014 07 25     9  3 2 3 1 3 2 2 1     5  2 2 3 2 1 0 0 0     6  3 2 2 2 1 1 1 1
2014 07 26     9  2 2 2 3 3 2 2 1    11  1 2 4 4 2 1 2 1     7  2 2 2 2 2 2 2 1
2014 07 27     6  1 1 1 2 3 2 1 1     4  2 2 2 1 0 0 1 1     5  2 1 2 2 1 1 1 2
2014 07 28    12  2 3 4 2 3 3 2 1    11  1 2 3 3 2 4 2 1     9  2 2 3 2 2 3 2 1
2014 07 29     6  1 2 0 2 2 3 2 1     2  1 1 0 1 0 0 1 1     4  1 1 0 1 1 1 1 1
2014 07 30     7  2 2 1 2 3 2 2 1     2  2 2 0 1 0 0 0 0     5  3 1 1 1 1 1 1 1
2014 07 31     7  1 1 1 2 3 2 2 2     2  1 2 1 0 0 0 0 1     5  1 1 1 2 1 1 1 2
2014 08 01    14  2 2 1 3 4 2 3 4    10  2 2 1 4 2 1 3 2    10  2 2 1 2 2 2 3 4
2014 08 02    12  2 2 2 3 4 3 2 2    23  3 3 3 5 4 5 2 2    11  3 2 2 3 4 3 2 2
2014 08 03     7  1 3 1 2 2 2 2 2     5  2 2 1 2 0 1 1 2     7  1 3 1 2 1 1 2 2
2014 08 04    15  2 3 3 4 3 3 3 2    15  2 4 3 4 3 2 3 2    12  2 3 3 3 2 2 3 3
2014 08 05    12  3 3 3 3 2 2 3 2    21  3 3 3 4 4 5 3 2    10  3 2 3 2 3 2 3 2
2014 08 06     7  1 3 3 1 2 2 1 1    14  2 3 4 4 4 1 1 0     7  2 3 2 2 2 1 1 1
2014 08 07     6  1 2 1 2 2 2 2 2    10  1 1 1 4 4 1 2 1     6  2 2 1 2 2 1 2 2
2014 08 08     9  3 3 3 2 2 2 1 1    12  2 3 3 5 2 0 1 0     8  3 3 2 2 2 1 1 1
2014 08 09     4  0 2 2 1 2 2 1 0     6  1 2 4 2 0 0 0 0     4  1 1 2 1 1 1 0 0
2014 08 10     9  1 0 2 2 3 2 4 2     5  1 0 1 2 1 2 3 1     9  1 1 2 2 2 2 4 2
2014 08 11     7  1 1 1 1 2 3 2 3     5  1 1 1 1 1 3 1 2     7  1 1 1 1 2 2 1 3
2014 08 12    11  3 2 0 2 3 3 3 3     8  3 2 0 2 1 2 2 3    12  3 2 1 2 1 3 4 4
2014 08 13     8  2 2 2 2 3 2 2 2    12  3 2 2 4 4 1 1 1     6  2 2 2 2 2 1 1 1
2014 08 14     5  1 1 1 2 2 1 1 2     2  1 1 0 2 0 0 0 1     4  1 1 1 2 1 1 1 2
2014 08 15     6  1 1 1 2 3 2 1 1     5  1 1 1 2 3 1 1 0     5  1 1 1 1 2 2 0 1
2014 08 16     4  1 1 0 1 2 2 2 1     1  1 1 0 0 0 0 0 0     3  1 1 0 1 1 0 1 1
2014 08 17     9  1 1 1 3 4 2 2 2     9  1 1 0 1 5 3 0 0     7  2 1 1 3 3 2 1 2
2014 08 18     5  1 1 2 1 2 2 1 1     3  1 2 2 0 1 1 1 0     5  1 1 2 0 1 1 1 1
2014 08 19    14  1 1 2 3 3 2 3 5    11  1 1 2 4 2 2 2 4    17  1 1 2 3 2 2 4 6
2014 08 20     7  2 1 1 2 3 1 2 2     4  1 1 1 1 1 1 2 1     6  2 1 1 2 2 1 1 2
2014 08 21    12  3 3 2 3 3 1 3 2    27  2 3 4 6 5 4 2 2    11  3 3 2 2 2 1 3 2
2014 08 22     4  2 2 1 1 2 1 1 0     3  2 2 0 0 2 0 0 1     4  1 3 1 0 1 0 0 1
2014 08 23     8  1 3 3 2 1 2 2 1     3  1 1 2 1 0 1 1 0     5  1 2 2 1 1 1 1 1
2014 08 24     5  1 0 2 2 2 2 2 1     1  0 0 1 2 0 0 0 0     4  1 1 1 1 2 1 1 1
2014 08 25     4  0 0 1 1 3 1 2 1     0  0 0 0 1 0 0 0 0     4  0 1 1 1 1 1 1 1
2014 08 26     5  0 0 1 2 3 1 2 2     2  0 0 0 2 2 0 0 0     4  1 1 1 2 1 1 1 1
2014 08 27    19  1 3 3 4 5 3 3 3    46  1 3 5 5 6 6 6 3    20  1 3 4 4 4 4 3 4
2014 08 28    17  3 5 4 3 2 3 2 1    39  3 5 5 6 5 5 3 2    21  4 5 4 3 3 3 3 2
2014 08 29    20  3 4 3 4 4 1 3 4    37  3 4 5 7 4 3 2 3    21  3 4 3 5 3 2 3 4
2014 08 30    11  3 4 2 2 3 1 2 2    30  3 4 3 6 6 2 2 2    15  4 4 2 3 4 2 3 2
2014 08 31    13  2 1 3 3 3 2 3 4    21  1 1 4 6 4 2 2 3    15  2 2 3 4 3 2 4 4
2014 09 01    12  3 3 3 3 3 2 2 2    27  3 3 3 6 5 4 2 2    11  3 3 3 3 3 2 2 3
2014 09 02    10  2 3 3 2 3 2 2 2    18  2 2 3 4 5 4 2 2    10  2 3 2 2 3 2 2 3
2014 09 03    11  3 3 3 2 3 1 2 2    17  2 3 5 5 2 2 1 1    10  3 3 3 2 2 1 1 2
2014 09 04     7  2 2 1 3 2 2 2 1    16  2 2 5 5 3 1 0 1     7  3 2 2 3 2 1 1 2
2014 09 05    10  1 1 3 3 3 3 1 2    16  1 2 3 5 4 3 2 1     8  2 2 2 2 2 2 2 2
2014 09 06     7  1 2 2 2 3 2 2 1     8  1 2 3 3 1 2 2 1     9  1 2 3 2 2 3 2 2
2014 09 07    10  3 3 3 2 3 2 1 0     4  2 3 2 0 0 0 0 0     8  3 3 3 1 1 1 0 0
2014 09 08     7  0 1 2 2 3 2 2 2     2  0 1 2 0 0 1 1 1     6  1 2 2 1 1 1 2 2
2014 09 09     8  2 2 1 2 3 2 2 2     4  2 1 1 2 1 1 1 1     8  3 2 2 2 2 2 2 3
2014 09 10     9  1 0 0 2 2 4 3 3     3  2 0 1 1 0 1 2 1     9  2 1 1 2 1 3 3 3
2014 09 11    16  3 4 3 4 3 2 2 3    20  2 3 5 5 4 1 1 2    12  3 4 3 3 2 1 1 3
2014 09 12    35  5 4 2 4 3 5 4 6    37  4 5 3 4 4 6 4 5    44  5 5 2 3 2 6 5 7
2014 09 13    13  4 2 3 2 3 2 3 2     8  3 2 2 1 2 2 2 2    13  4 3 4 2 2 2 2 2
2014 09 14     3  1 1 1 0 2 1 1 0     1  1 0 0 0 0 1 0 0     3  1 1 1 1 1 1 0 0
2014 09 15     2  0 0 0 1 2 1 1 1     1  0 0 0 0 0 1 1 1     3  1 1 1 1 1 1 1 1
2014 09 16     7  1 2 2 2 2 2 2 2     3  2 1 1 2 0 0 1 1     7  2 2 2 2 1 1 2 2
2014 09 17     4  2 0 0 1 2 1 2 2     2  1 1 0 0 0 1 1 2     6  3 1 0 0 1 2 2 2
2014 09 18     7  2 1 1 1 2 2 2 3     2  2 0 0 0 0 0 2 1     8  3 1 1 1 1 2 3 3
2014 09 19    23  4 5 4 3 4 3 3 2    32  3 5 5 4 5 4 4 3    22  4 5 4 3 3 4 3 2
2014 09 20     4  1 1 1 1 2 2 0 1     6  2 1 1 2 3 1 1 1     6  2 2 1 1 2 1 1 1
2014 09 21     7  1 3 2 2 2 2 2 1     3  1 2 1 1 0 1 1 1     7  2 3 2 1 1 1 2 1
2014 09 22     9  1 3 2 2 3 2 2 2    16  1 2 3 4 5 3 2 2     9  2 3 2 2 3 2 2 2
2014 09 23     9  3 1 2 2 2 2 2 3    18  1 1 3 5 5 3 2 2    11  3 2 2 2 3 3 3 3
2014 09 24    19  3 4 2 4 4 2 3 4    57  4 5 6 7 6 5 3 3    25  4 4 3 4 4 3 3 4
2014 09 25    13  4 2 3 2 3 2 2 3    18  3 3 3 5 4 2 2 2    13  4 3 3 3 2 2 2 3
2014 09 26    12  2 3 3 2 3 3 2 3    37  3 2 3 6 6 6 3 2    14  3 3 3 2 3 3 2 3
2014 09 27    12  4 3 3 2 3 2 2 1    32  3 5 6 5 4 4 2 2    15  4 4 3 3 3 2 2 1
2014 09 28     6  1 2 2 2 3 2 1 0    13  2 1 2 4 4 4 1 1     8  2 2 2 3 3 2 2 1
2014 09 29     7  2 1 1 2 2 2 3 2    22  1 1 4 6 5 1 2 2    10  2 2 2 2 2 2 4 3
2014 09 30    12  2 3 2 4 3 2 2 2    28  2 5 4 6 4 4 1 2    15  3 4 3 4 3 2 2 3
2014 10 01    10  3 3 3 2 2 2 2 2    21  3 2 3 6 3 4 2 1    10  4 3 3 2 2 2 2 2
2014 10 02    13  2 2 2 2 5 2 2 3    10  2 2 2 4 3 2 1 1     8  2 2 2 2 2 2 1 3
2014 10 03     3  2 0 1 1 1 1 0 1     2  1 1 1 1 0 0 0 0     4  2 1 1 1 0 1 1 1
2014 10 04     5  1 1 2 2 1 1 1 2     4  1 2 3 2 0 0 0 1     6  1 2 2 2 1 1 1 2
2014 10 05     5  2 1 2 1 2 1 1 1     2  1 1 0 0 0 1 1 1     6  2 2 2 1 2 1 1 1
2014 10 06     6  2 2 0 2 2 2 2 2     3  1 2 0 0 2 0 1 1     6  3 2 1 1 1 1 1 2
2014 10 07     5  2 3 0 1 1 2 1 1     2  2 1 0 0 1 0 0 0     6  2 3 1 1 1 1 1 1
2014 10 08     6  1 1 2 2 2 2 2 2    16  1 0 0 5 5 3 2 2     9  1 1 2 3 2 2 2 3
2014 10 09    10  2 3 3 2 3 2 2 2     8  3 0-1-1 3 3 1 0    14  3 4 4 3 3 2 2 2
2014 10 10     7  3 3 1 1 2 2 1 1     5  1 3 1 1 1 2 1 1     8  3 3 1 1 1 1 2 1
2014 10 11     8  2 3 3 2 3 1 1 0    13  1 3 4 4 4 1 0 0    10  3 3 3 3 3 1 1 1
2014 10 12     2  0 0 1 1 1 1 1 1    13  0 1 0 5 5 2 0 0     5  1 1 1 2 2 1 1 1
2014 10 13     5  1 1 1 0 2 2 2 2     2  0 0 0 0 0 2 1 1     7  1 1 2 0 2 2 3 3
2014 10 14    12  1 1 1 1 3 4 3 4    21  0 1 0 1 5 5 5 3    18  1 1 1 1 3 4 5 5
2014 10 15     8  4 2 2 2 2 1 1 1    15  3 2 3 3 4 4 2 1    11  5 3 2 2 2 2 1 1
2014 10 16     5  2 1 0 1 2 1 1 3     9  1 1 0 4 4 1 1 1     7  2 1 1 2 2 2 1 3
2014 10 17     6  1 3 1 2 1 2 1 2     7  2 2 1 3 2 1 1 2     8  2 3 2 2 1 1 2 3
2014 10 18    11  3 3 2 2 3 2 2 3    20  3 3 3 5 4 4 2 2    15  4 3 2 2 3 4 2 3
2014 10 19     9  3 3 2 3 2 1 1 1    18  2 3 5 4 4 2 2 2    11  3 3 3 3 2 1 2 2
2014 10 20    17  3 2 3 3 3 4 4 3    48  1 3 6 6 6 6 4 3    26  3 3 4 4 4 5 4 4
2014 10 21    11  2 2 3 2 3 3 3 2    28  3 2 3 5 5 5 4 3    15  3 2 3 3 4 3 4 3
2014 10 22    10  3 2 3 2 3 2 2 2    23  3 3 3 5 5 4 2 2    14  4 3 3 2 3 3 3 2
2014 10 23     8  2 2 2 2 2 2 3 2    19  1 1 3 5 5 3 3 2    11  2 2 2 2 3 2 4 2
2014 10 24     9  2 1 1 3 3 3 2 1    18  2 1 3 4 4 5 2 2    11  3 1 2 2 2 4 2 2
2014 10 25     9  3 2 2 2 2 3 2 1    16  2 2 2 4 5 3 2 2    10  3 2 2 2 2 3 2 1
2014 10 26    11  3 2 3 3 3 2 2 1    20  1 2 3 4 5 5 2 1    12  3 3 3 3 3 2 2 1
2014 10 27    15  3 2 3 2 3 3 3 4    17  1 2 4 5 3 3 2 3    14  3 2 3 3 2 3 2 4
2014 10 28    11  4 2 2 3 3 2 2 1    26  3 2 4 5 5 5 2 2    14  4 3 3 3 3 3 2 1
2014 10 29     7  3 2 2 2 2 2 2 0     8  2 1 3 3 2 3 1 0     9  4 2 2 2 2 2 2 1
2014 10 30     5  1 1 1 2 2 1 1 2     7  0 0 3 4 1 1 2 1     5  1 1 2 2 1 1 1 2
2014 10 31     5  1 2 2 1 2 1 2 1     5  0 1 2 2 2 0 2 2     6  1 2 2 1 2 1 2 2
2014 11 01     5  0 1 2 1 3 1 1 1     5  0 0 2 2 3 2 1 0     6  1 1 2 2 3 2 1 1
2014 11 02     6  1 1 0 1 3 3 2 1     9  1 1 0 0 5 2 2 0     9  2 1 1 1 3 3 3 1
2014 11 03     5  2 1 2 1 2 1 0 2     2  1 0 2 1 0 0 0 1     6  3 2 2 2 1 1 0 2
2014 11 04    12  1 1 2 3 4 2 3 3    35  0 0 4 6 6 5 4 3    21  2 1 3 4 4 3 4 4
2014 11 05    13  4 3 2 3 3 2 2 2    18  3 3 2 5 4 3 2 2    16  4 4 3 4 3 2 3 3
2014 11 06    -1  1 2 2 1 2 2 3-1     9  2 2 3 1 4 1 1 1     9  2 2 2 2 2 1 2 3
2014 11 07    10 -1-1-1-1 1 3 2 3    13  2 2 4 4 4 1 1 1    12  3 3 2 3 2 2 2 3
2014 11 08     8  1 1 2 2 3 2 1 3     6  1 0 2 3 3 2 0 1     8  2 1 2 2 2 2 1 3
2014 11 09     8  3 2 2 1 2 2 2 2     7  3 2 3 1 1 2 1 1     9  3 2 2 1 1 2 2 3
2014 11 10    16  4 3 2 4 3 3 3 2    41  3 2 2 7 5 6 4 2    23  4 3 3 5 4 4 4 2
2014 11 11     9  2 2 2 1 2 2 2 4     8  2 2 0 2 3 2 1 3    12  3 2 2 2 2 2 2 5
2014 11 12     6  3 2 2 1 1 1 1 2     5  2 2 2 3 0 0 1 1     8  4 2 2 2 1 1 1 2
2014 11 13     4  1 2 0 1 2 2 1 1     2  1 0 0 1 1 0 1 0     5  1 2 1 2 2 1 1 1
2014 11 14     9  3 2 3 1 2 2 2 2     9  1 2 2 2 4 2 2 2    12  3 3 3 2 2 2 3 3
2014 11 15    13  2 3 2 3 3 2 2 4    28  2 3 5 6 5 1 2 3    17  3 3 3 3 3 2 2 4
2014 11 16    18  4 4 3 3 4 3 2 2    48  3 4 5 7 6 5 3 2    22  4 4 4 3 4 4 3 3
2014 11 17     8  2 1 1 2 3 2 3 2    16  1 1 0 5 5 3 2 2    12  3 2 1 2 3 3 3 3
2014 11 18     9  2 2 2 3 3 2 1 2    20  2 2 3 5 5 4 2 1    11  3 3 2 3 3 3 2 2
2014 11 19     6  2 1 1 1 2 2 3 1     9  2 1 1 3 4 2 1 1     8  4 1 2 2 2 1 2 1
2014 11 20     8  2 2 2 3 2 2 2 1    19  2 2 3 5 4 4 3 1    11  4 2 2 3 1 2 3 2
2014 11 21    10  3 3 1 2 3 2 2 2    26  3 3 3 6 4 5 2 1    15  4 4 2 3 3 3 3 3
2014 11 22     8  2 2 3 1 2 1 2 3    13  2 2 3 5 2 2 1 2    10  3 2 2 2 2 2 3 4
2014 11 23     9  1 1 3 3 3 2 2 1    24  2 2 3 6 5 3 3 1    10  2 2 3 3 3 2 3 2
2014 11 24     5  3 1 1 1 2 1 1 0    14  1 1 2 2 5 4 2 2     7  3 2 1 2 2 2 2 1
2014 11 25     4  1 2 0 2 2 1 1 1     5  0 0 0 3 3 2 1 0     5  1 2 1 2 1 2 2 1
2014 11 26     4  1 1 1 1 2 1 1 1     8  0 0 1 4 4 1 0 0     5  1 1 2 1 2 1 0 1
2014 11 27     7  1 3 1 1 2 2 2 2     4  0 1 1 2 2 2 1 1     8  2 3 2 1 2 2 2 2
2014 11 28     5  1 1 0 0 3 2 2 1     5  1 0 0 0 4 2 1 0     5  1 1 0 1 3 2 1 1
2014 11 29     5  1 1 1 1 2 2 2 1     2  0 0 0 0 2 1 1 0     5  1 1 2 1 2 2 2 1
2014 11 30     6  1 1 2 2 2 2 2 2     3  0 1 1 1 0 2 1 2     9  1 2 2 2 1 3 3 3
2014 12 01     9  1 2 2 1 2 2 2 4     8  1 2 2 1 3 1 2 3    10  2 2 2 1 2 2 2 4
2014 12 02     9  3 2 2 2 3 2 2 2    17  3 2 3 3 5 3 3 1    12  3 3 3 2 3 2 3 2
2014 12 03     7  3 2 1 2 1 2 2 2     5  2 1 1 0 1 2 2 2     8  3 2 1 2 2 2 3 2
2014 12 04     8  2 1 1 1 2 2 2 4    15  1 2 2 3 4 5 1 2    11  3 2 1 1 2 3 2 4
2014 12 05     8  2 3 2 2 2 1 2 2    26  2 4 4 6 5 3 1 1    11  2 3 2 3 3 2 2 2
2014 12 06    10  1 2 2 2 2 2 3 4    13  1 1 4 4 2 2 3 3    13  2 2 3 2 2 2 4 4
2014 12 07    19  4 2 2 3 4 4 4 3    53  4 3 3 6 7 6 5 3    28  5 3 3 3 5 4 4 4
2014 12 08    11  3 2 2 2 3 3 2 3    29  3 3 3 5 5 5 4 3    17  4 3 3 2 3 4 3 3
2014 12 09    12  4 2 3 2 2 1 3 3    23  3 2 4 5 5 3 3 2    15  4 3 3 2 3 2 4 3
2014 12 10     6  2 2 1 3 1 2 1 1     9  2 2 3 4 2 2 0 1     9  3 3 2 3 2 1 1 1
2014 12 11     4  2 0 1 1 1 2 1 2     2  0 0 1 1 0 1 2 0     6  2 1 1 1 1 1 2 3
2014 12 12    15  2 2 3 2 5 3 3 2    43  2 2 6 5 6 6 4 3    21  3 3 4 3 5 4 4 3
2014 12 13     6  1 2 0 1 2 3 2 2    -1  2 2 3 2-1-1-1-1    11  2 3 2 2 2 3 3 3
2014 12 14     9  1 2 2 2 3 2 3 2    21  2 2 4 4 5 4 3 2    11  2 3 2 2 3 3 3 2
2014 12 15    11  1 2 2 3 3 3 2 3    29  1 2 5 5 6 4 3 1    15  2 3 3 3 3 3 3 3
2014 12 16     7  1 1 0 1 3 2 2 3    18  1 1 2 4 6 3 2 1     8  1 1 1 2 3 2 2 3
2014 12 17     6  2 2 2 1 2 2 1 1     7  2 3 3 2 1 2 1 0     8  3 3 2 1 1 2 2 1
2014 12 18     5  1 1 0 2 2 2 1 2     3  1 0 0 1 2 2 1 1     5  1 1 1 1 1 2 2 2
2014 12 19     6  2 1 2 2 2 2 1 1     8  0 1 2 4 2 3 1 1     8  3 2 2 2 1 2 2 2
2014 12 20     6  2 2 1 2 2 2 1 2     2  0-1-1-1-1 1 0 1     9  3 2 2 2 2 2 1 3
2014 12 21    10  2 2 2 2 3 2 3 3    28  1 4 4 4 6 4 3 3    14  3 3 3 2 3 2 4 4
2014 12 22    13  4 3 4 2 2 3 1 1    28  5 5 5 5 2 3 1 1    20  5 5 4 2 2 3 2 2
2014 12 23     8  1 0 0 4 2 2 2 3    10  0 0 1 3 2 1 2 5    13  1 0 1 4 2 2 3 4
2014 12 24    12  3 3 2 2 3 2 3 3    24  3 2 4 4 5 5 3 2    17  4 3 2 2 4 3 3 3
2014 12 25     9  2 1 1 0 3 3 3 3    16  1 1 1 0 5 4 3 4    13  2 2 2 1 3 3 4 4
2014 12 26    15  4 3 2 2 2 3 4 3    22  3 5 4 3 2 2 4 4    17  4 4 2 2 2 2 4 3
2014 12 27     5  2 2 1 2 1 2 1 1    10  3 2 3 3 3 2 1 0     7  3 2 2 2 2 1 1 1
2014 12 28     8  2 2 2 1 2 2 3 2     9  0 1 2 2 3 2 4 2    11  3 2 1 1 1 2 4 3
2014 12 29    15  1 2 2 3 3 4 3 4    34  1 2 3 5 6 6 3 4    23  2 3 2 3 4 5 4 5
2014 12 30    14  3 4 4 2 3 2 2 2    36  3 4 5 5 5 5 5 2    18  4 4 4 2 3 3 3 3
2014 12 31     7  2 2 2 1 2 3 1 1    17  2 2 2 2 5 5 2 1     8  2 2 2 2 2 3 2 2
