:Product: Daily Geomagnetic Data     2015_DGD.txt
:Issued: 1800 UT 02 Jan 2016
#
#  Prepared by the U.S. Dept. of Commerce, NOAA, Space Weather Prediction Center
#  Please send comment and suggestions to SWPC.Webmaster@noaa.gov
#
#                       2015 Daily Geomagnetic Data
#
#
#                Middle Latitude        High Latitude            Estimated
#              - Fredericksburg -     ---- College ----      --- Planetary ---
#  Date        A     K-indices        A     K-indices        A     K-indices
2015 01 01     7  2 2 1 1 2 2 2 3     5  1 1 2 1 2 2 1 2     7  2 1 1 1 1 2 2 3
2015 01 02     8  3 1 1 2 2 2 2 3    17  2 2 3 2 5 2 4 3    12  3 1 2 2 3 2 3 4
2015 01 03    13  4 2 3 3 3 3 2 1    18  4 3 3 5 4 2 1 0    15  5 3 3 3 3 2 2 1
2015 01 04    15  0 0 3 4 4 3 2 4    48  0 0 4 7 6 6 4 4    21  1 1 2 4 4 5 4 5
2015 01 05    10  4 2 2 2 2 2 2 2    18  4 3 4 3 3 3 3 3    18  5 3 3 2 2 2 3 3
2015 01 06    11  2 2 3 3 2 3 3 1    20  2 2 4 5 4 4 3 0    13  2 3 3 4 2 3 3 2
2015 01 07    23  2 2 5 5 4 3 2 4    59  2 0 7 8 5 3 3 2    38  3 1 6 7 4 2 3 4
2015 01 08    15  3 5 3 2 2 3 1 2    23  3 3 3 4 5 5 2 2    16  4 4 3 2 2 3 2 3
2015 01 09     7  2 1 3 2 2 2 1 1     8  2 1 2 2 4 2 1 0     8  3 2 3 2 2 2 2 2
2015 01 10     9  1 3 2 2 3 3 2 1    18  1 2 2 5 5 4 1 0    10  2 3 2 2 3 3 1 0
2015 01 11     8  3 1 3 2 2 1 2 1    18  1 1 5 5 4 2 2 1    10  3 2 3 2 2 1 2 2
2015 01 12     7  1 1 1 2 3 2 2 2    16  0 1 1 3 6 3 2 2     8  0 1 1 2 3 2 3 2
2015 01 13     5  1 1 1 1 2 2 2 2    13  1 1 1 3 5 3 2 2     8  2 2 1 2 3 2 2 2
2015 01 14     5  2 1 1 2 2 2 1 1    12  1 1 1 4 5 2 1 0     7  2 1 2 2 3 1 2 1
2015 01 15     5  1 1 1 1 3 2 1 1    14  0 0 4 3 5 3 1 1     6  1 1 2 1 3 2 1 1
2015 01 16     6  1 2 2 1 2 2 2 1    10  0 1 3 4 4 1 1 1     7  1 3 2 2 2 1 2 2
2015 01 17     5  3 2 0 2 1 0 1 1     2  0 1 0 3 0 0 0 0     7  3 3 1 2 1 0 1 2
2015 01 18     3  0 2 0 0 2 1 2 1     2  0 0 0 1 1 1 0 1     5  0 1 0 1 2 1 2 2
2015 01 19     2  2 0 0 0 1 1 1 1     2  0 0 0 1 1 2 1 1     5  3 1 1 1 1 1 1 2
2015 01 20     5  1 1 2 2 1 1 1 2     4  1 0 1 4 0 0 0 0     4  1 1 2 1 1 0 1 1
2015 01 21     7  2 2 1 1 1 2 3 2    10  0 0 0 1 4 4 3 2    11  2 2 2 1 2 3 4 3
2015 01 22     9  3 3 2 2 2 2 2 2    19  3 3 1 5 5 3 2 1    12  4 3 2 3 3 2 2 2
2015 01 23     8  2 3 2 2 2 2 2 1     8  2 2 2 2 3 3 1 1     9  3 3 3 2 2 2 2 1
2015 01 24     5  0 1 1 2 2 2 1 2     7  0 0 0 3 4 2 1 1     7  1 2 1 2 2 2 2 2
2015 01 25     3  0 1 0 0 1 1 1 3     4  0 0 0 3 2 2 1 1     6  1 2 1 0 1 1 1 3
2015 01 26    12  3 2 3 4 3 2 2 1    19  2 1 4 5 4 4 2 1    16  3 3 3 4 3 3 2 2
2015 01 27     9  3 2 3 2 2 2 2 2    13  2 2 3 4 3 3 2 2    12  3 3 3 2 2 3 3 3
2015 01 28     5  2 1 3 2 1 1 0 1    14  2 2 3 5 4 1 1 1     7  3 2 3 2 1 1 1 1
2015 01 29     7  2 1 1 1 2 2 3 2     8  1 0 1 3 2 3 3 2     9  2 1 1 2 2 2 4 3
2015 01 30     8  2 3 2 1 1 2 3 2     9  1 2 3 3 2 2 2 2    11  3 3 2 1 1 2 3 3
2015 01 31     6  1 2 1 1 1 2 2 3     8  1 2 0 3 2 3 2 2     9  2 2 1 2 2 2 2 4
2015 02 01    11  3 1 2 2 2 3 3 3    17  3 1 2 3 3 4 4 4    21  4 3 3 2 2 3 4 5
2015 02 02    17  4 4 3 3 3 3 3 2    44  4 5 5 6 4 6 4 3    27  5 5 4 4 3 4 4 3
2015 02 03    12  3 4 2 2 2 2 2 3    28  3 3 5 5 4 5 3 2    17  4 4 3 2 2 3 3 3
2015 02 04     5  2 1 1 2 2 2 1 1    14  1 2 2 3 5 3 2 2     9  3 2 2 2 3 3 1 2
2015 02 05    10  1 3 1 3 3 3 2 2    21  0 2 1 3 5 6 2 2    13  2 3 1 3 3 4 3 2
2015 02 06     4  0 1 2 2 2 2 1 0     4  1 1 1 2 2 1 1 0     5  1 1 2 2 2 1 1 0
2015 02 07     9  1 0 3 4 2 2 1 2    23  0 0 3 6 5 4 2 1     9  1 0 3 3 2 3 2 2
2015 02 08     7  1 2 2 2 2 2 2 2    14  1 2 5 4 2 2 2 2    10  2 3 3 2 2 2 3 3
2015 02 09     5  2 0 1 0 2 2 2 2     7  2 0 0 1 4 3 1 1     8  3 1 1 1 3 2 2 3
2015 02 10     6  1 2 1 1 2 2 2 2     3  0 1 0 0 2 1 1 2     7  1 3 1 1 1 2 2 3
2015 02 11     5  2 3 0 0 2 2 1 1     8  1 1 0 2 5 1 0 0     7  2 3 1 1 2 1 0 1
2015 02 12     3  1 0 0 1 2 1 1 1     4  0 0 0 0 3 3 1 0     5  2 1 1 1 2 2 2 1
2015 02 13     2  0 0 0 1 2 1 1 1     2  0 0 0 3 1 0 0 0     3  0 0 0 1 1 1 1 1
2015 02 14     2  0 1 1 0 1 1 1 1     0  0 0 0 0 0 0 0 1     3  0 1 1 1 0 0 1 1
2015 02 15     5  0 2 2 1 3 1 1 1    11  1 0 2 3 5 3 1 0     6  1 2 2 2 3 1 1 1
2015 02 16     4  0 1 0 1 2 1 2 2     3  0 0 2 2 1 0 1 1     5  0 1 1 1 1 1 2 3
2015 02 17    18  3 2 3 3 3 3 3 5    27  2 2 3 6 3 5 3 4    22  3 3 3 4 3 3 4 5
2015 02 18    15  5 3 3 3 2 2 2 2    28  4 4 5 5 5 3 2 1    19  5 4 3 3 2 2 2 3
2015 02 19     5  2 2 2 1 1 2 1 1     8  1 2 3 1 3 3 1 1     8  3 3 2 1 1 2 2 2
2015 02 20     4  0 2 2 1 2 1 1 1     7  1 0 2 3 4 1 0 1     6  1 2 2 2 2 1 1 2
2015 02 21     8  3 3 1 1 2 2 2 2     6  2 2 2 3 1 1 0 1     7  3 3 1 1 2 1 1 2
2015 02 22     6  2 1 1 2 2 2 1 2     7  1 2 1 3 3 2 1 0     7  3 2 1 2 1 1 1 2
2015 02 23    14  3 2 2 3 3 4 2 3    25  2 1 4 5 5 5 3 2    17  3 3 3 3 3 4 3 4
2015 02 24    21  5 4 4 4 2 3 2 2    41  5 5 6 6 5 3 2 1    25  5 5 4 4 3 2 2 3
2015 02 25     7  2 1 3 2 3 2 1 0    20  0 0 3 6 5 2 2 0     9  1 1 3 2 3 2 1 1
2015 02 26     5  2 1 2 1 1 2 1 1     8  1 0 4 3 3 1 0 0     5  2 1 2 2 1 0 1 1
2015 02 27     2  0 0 0 0 1 2 1 1     1  0 0 0 0 1 1 0 1     4  1 0 1 1 1 1 1 2
2015 02 28    11  1 2 3 1 2 4 2 3    18  1 1 3 4 3 5 3 3    13  1 3 3 2 2 4 3 3
2015 03 01    23  5 4 5 4 3 2 2 2    36  4 5 5 7 2 1 2 2    28  5 5 5 4 2 2 2 3
2015 03 02    18  4 3 4 4 3 3 3 1    60  3 5 8 6 5 4 3 1    28  4 4 5 5 4 4 3 2
2015 03 03    10  3 3 2 2 2 2 1 3    21  1 2 3 6 5 1 1 2    11  3 3 2 2 2 1 2 3
2015 03 04     9  1 1 1 3 3 2 2 3    12  1 1 1 5 4 1 1 1    10  2 2 2 3 3 1 2 3
2015 03 05     5  0 0 0 1 3 2 2 2     7  0 0 0 3 4 2 2 1     6  1 1 1 2 2 2 2 2
2015 03 06     9  1 2 4 2 2 2 2 2    17  1 3 5 4 4 2 2 1    13  2 3 4 3 2 2 3 3
2015 03 07    17  4 4 3 3 1-1-1 3    27  3 4 5 5 2-1-1 3    20  4 4 3 3 2 4 3 4
2015 03 08     7  2 2 2 2 3 2 1 1    24  3 1 5 5 5 4 1 1    11  3 2 3 3 4 2 2 1
2015 03 09     6  4 1 0 0 2 2 1 1     2  1 1 0 0 0 1 1 0     6  3 2 1 0 1 1 1 1
2015 03 10     4  1 1 2 2 1 2 1 0     6  1 1 1 4 1 1 1 0     5  2 2 2 2 1 1 1 1
2015 03 11     8  0 3 2 2 2 3 2 1    14  1 2 3 3 4 4 3 1     9  1 3 2 2 2 3 2 1
2015 03 12     6  1 3 2 2 2 2 1 0    13  1 2 3 5 3 2 2 0     8  2 3 2 3 2 2 1 0
2015 03 13     5  1 0 0 1 3 3 1 1    -1  1-1-1-1-1-1-1-1     6  1 1 1 1 3 2 1 1
2015 03 14     5  0 2 1 2 2 2 1 2    -1  1-1-1-1-1-1-1-1     5  1 2 2 2 2 1 1 2
2015 03 15     7  1 2 3 1 2 2 2 2    -1 -1-1-1-1-1-1-1-1     7  2 2 3 2 1 2 2 1
2015 03 16     9  2 3 3 2 2 2 2 2     0 -1-1-1-1-1-1 0 0    11  2 3 3 3 2 3 1 1
2015 03 17    46  2 4 5 4 6 5 5 6   106  2 3 6 6 8 8 7 5   117  2 5 6 6 8 8 7 8
2015 03 18    32  5 4 3 4 5 5 3 4    60  4 4 6 6 6 7 4 3    52  6 5 4 5 5 6 5 5
2015 03 19    19  4 4 3 4 4 2 2 3    47  3 4 5 6 7 4 4 3    28  4 4 4 5 5 3 3 4
2015 03 20    18  4 2 4 3 3 3 2 4    32  4 3 5 6 4 3 4 3    24  5 3 5 3 3 3 3 5
2015 03 21    12  4 2 3 3 2 2 2 2    18  3 2 5 4 4 2 2 1    14  4 3 4 3 2 2 2 2
2015 03 22    16  2 3 5 4 3 2 1 1    39  2 3 7 5 6 3 1 1    24  2 3 6 4 4 1 1 1
2015 03 23    16  4 4 2 3 3 3 2 3    31  3 4 3 5 5 6 2 2    21  4 5 3 3 4 3 2 3
2015 03 24     9  2 1 2 2 3 3 2 2    15  2 1 0 4 4 5 2 1    12  2 2 2 2 3 4 2 2
2015 03 25    10  2 2 2 3 3 2 3 2    20  2 2 3 6 3 3 3 1    13  2 2 3 4 3 2 3 2
2015 03 26     7  1 1 2 1 2 2 2 3     5  2 1 2 0 2 2 1 2     8  2 1 2 1 2 2 2 3
2015 03 27     7  2 2 1 2 3 2 1 2    14  2 3 2 3 4 4 2 1     9  3 3 2 2 3 1 1 2
2015 03 28     9  0 1 3 2 2 3 2 3     6  0 2 3 3 1 1 1 1     9  0 2 3 3 2 2 2 3
2015 03 29    11  3 3 3 2 3 1 2 2    14  4 3 3 3 4 2 1 1    14  4 3 3 3 3 1 2 2
2015 03 30     5  2 2 0 1 3 1 1 1     3  2 2 1 2 0 0 0 0     5  2 2 1 1 1 1 1 2
2015 03 31     7  1 1 2 2 3 2 2 2     7  0 1 2 3 3 2 2 1     9  1 1 2 2 3 2 3 2
2015 04 01     8  1 1 2 2 3 3 2 2     5  1 1 1 2 2 1 1 2     7  2 1 2 2 2 3 2 2
2015 04 02    22  1 2 2 2 4 3 6 4    16  0 1 3 4 5 3 2 3    13  1 2 2 2 3 2 3 4
2015 04 03    14  3 3 3 3 3 3 2 3    16  3 2 3 4 4 3 3 2    14  3 3 3 3 3 3 2 3
2015 04 04    10  3 2 1 2 3 3 2 2    17  3 3 1 3 5 4 2 2    12  3 3 2 2 3 3 2 2
2015 04 05     8  2 2 1 1 2 3 2 3     5  2 2 1 1 1 1 1 2     8  2 3 2 1 1 2 2 3
2015 04 06     8  3 2 1 2 2 3 2 1     3  2 1 0 1 2 0 1 1     7  3 3 2 1 2 1 1 1
2015 04 07     6  2 2 1 1 2 2 2 1     2  1 1 0 0 1 0 1 0     5  2 2 1 1 1 1 2 1
2015 04 08     4  1 1 0 1 2 2 1 1     1  0 0 0 0 0 0 1 1     4  1 1 0 1 1 1 1 1
2015 04 09    11  2 3 2 2 3 3 2 3    18  3 3 4 4 5 1 1 2    12  2 3 2 3 3 3 2 3
2015 04 10    21  4 4 4 4 4 3 2 2    33  4 4 7 4 3 3 2 2    34  5 6 5 4 4 3 3 2
2015 04 11    14  3 3 3 4 2 2 3 2    32  3 4 5 6 4 5 2 2    20  4 4 4 4 3 3 3 2
2015 04 12     3  1 1 1 1 2 1 1 0     2  1 1 0 0 2 1 1 0     4  1 1 1 1 1 1 1 1
2015 04 13    12  3 3 2 2 3 3 3 1     9  2 2 2 4 2 2 1 1     8  3 3 2 2 2 2 1 1
2015 04 14     9  0 1 1 2 3 3 3 3    17  1 0 2 2 5 5 3 2    13  1 1 2 2 3 4 4 4
2015 04 15    20  2 3 3 4 5 3 3 3    31  1 2 2 5 6 4 5 4    29  2 3 3 5 5 4 5 4
2015 04 16    28  5 4 4 4 3 3 3 5    57  4 6 6 6 6 5 5 3    43  5 5 5 4 3 4 5 6
2015 04 17    20  5 5 3 2 3 2 3 2    28  4 5 5 5 4 3 2 1    25  5 5 4 3 3 2 3 2
2015 04 18    10  3 2 2 3 3 2 2 2    17  2 2 4 5 3 3 2 2    13  3 2 3 3 2 3 3 3
2015 04 19     9  3 3 2 2 2 2 2 2     8  2 2 2 3 2 2 1 2     9  3 3 2 2 2 2 2 2
2015 04 20     9  3 3 1 2 2 2 0 3     7  2 3 1 3 2 1 0 2    10  3 3 1 2 2 1 2 3
2015 04 21    18  4 3 2 3 4 4 2 3    29  3 4 5 5 5 4 3 2    22  4 4 3 4 4 4 3 3
2015 04 22     9  2 2 3 2 2 2 1 3    19  2 3 4 5 4 3 2 1    11  3 2 3 3 2 2 2 3
2015 04 23     6  1 3 1 2 2 1 1 1     5  2 3 2 2 0 0 0 1     7  2 4 2 2 1 1 0 1
2015 04 24     5  2 3 1 1 2 1 1 0     3  2 2 0 2 0 0 0 0     5  2 3 1 1 1 0 0 0
2015 04 25     2  0 0 0 1 2 1 1 1     0  0 0 0 0 0 0 0 0     3  0 1 1 1 1 0 1 1
2015 04 26     3  1 0 0 1 1 2 1 2     0  0 0 0 0 0 0 0 1     4  1 1 1 1 1 1 0 1
2015 04 27     5  1 0 1 2 2 1 2 2     8  0 0 0 4 4 1 1 1     5  1 1 1 2 2 1 2 2
2015 04 28     7  2 2 2 2 2 1 2 2    10  2 1 2 4 4 1 1 0     6  2 1 2 2 2 1 1 1
2015 04 29     4  0 0 1 1 2 2 2 1     5  1 0 0 3 3 1 1 0     4  1 0 1 1 2 1 1 1
2015 04 30     4  2 1 2 1 1 1 1 1     3  1 1 1 1 1 0 2 0     5  2 1 1 1 1 0 2 1
2015 05 01     6  2 2 1 1 2 2 2 2     5  1 2 0 2 1 1 2 2     6  1 2 1 1 2 2 2 2
2015 05 02     9  1 2 2 2 2 2 3 3     4  1 2 0 1 1 1 2 2     9  2 2 2 2 2 1 3 3
2015 05 03     7  2 3 2 2 2 2 1 1     7  2 2 2 3 2 1 1 1     8  3 3 2 2 1 1 1 1
2015 05 04     7  2 1 3 2 2 2 1 1    -1  2 1 3 2 0-1-1-1     6  2 1 2 2 2 2 1 1
2015 05 05    11 -1-1-1-1-1-1 2 3     3 -1-1-1-1-1-1 1 1     5  1 1 2 2 2 1 1 2
2015 05 06    21  4 3 4 3 5 3 3 2    41  4 3 3 4 7 6 3 2    23  4 3 3 4 5 4 3 2
2015 05 07     6  2 2 1 1 2 2 2 2     4  1 2 1 0 1 2 2 1     6  2 2 1 1 1 2 1 2
2015 05 08     7  2 3 2 2 2 1 2 1    10  2 2 2 5 2 0 1 0     6  3 2 2 2 1 1 1 1
2015 05 09     8  1 1 1 2 2 2 3 3     3  0 0 0 1 1 2 2 2     7  1 1 0 2 1 2 3 3
2015 05 10    12  1 2 3 3 4 1 2 3    15  2 1 4 5 3 2 2 1    11  2 2 3 4 3 1 2 2
2015 05 11    15  3 4 3 2 3 2 3 3    26  4 3 4 4 5 5 2 2    15  4 4 3 3 3 2 2 3
2015 05 12    16  3 3 3 3 4 2 3 3    24  3 4 4 4 5 3 3 3    15  3 3 3 3 3 2 3 3
2015 05 13    25  4 4 5 4 3 4 3 3    63  5 6 6 7 5 5 5 3    45  5 6 6 4 4 4 4 4
2015 05 14     9  2 2 3 2 2 1 2 3    11  3 2 3 3 3 2 2 2    10  2 3 3 2 2 1 2 3
2015 05 15     7  2 2 3 2 2 1 1 2    20  2 3 4 6 3 1 1 2     8  2 2 3 2 2 1 1 2
2015 05 16     7  2 1 1 2 3 1 2 2    11  1 2 4 3 4 1 1 1     6  2 1 2 2 2 1 1 2
2015 05 17     6  2 1 2 1 2 2 2 1     3  1 1 2 0 0 2 1 0     6  2 2 2 1 1 1 2 1
2015 05 18    15  2 2 2 3 3 1 3 5    15  2 1 2 4 4 2 3 4    16  2 2 2 3 3 1 3 5
2015 05 19    14  4 4 2 3 2 2 3 2    16  5 3 3 3 2 2 3 1    17  6 4 2 3 2 2 2 1
2015 05 20    10  2 3 2 3 2 2 2 3    11  3 3 2 3 4 2 1 0     7  3 3 2 2 2 1 1 0
2015 05 21     5  1 0 1 2 2 2 2 1     2  0 0 1 1 1 0 1 1     3  0 1 1 1 1 1 1 1
2015 05 22     4  1 1 0 2 2 1 2 1     2  2 1 0 0 1 0 0 0     3  2 1 0 1 1 0 1 0
2015 05 23     5  0 1 1 2 2 2 2 1     2  0 1 1 2 0 1 1 0     4  0 1 1 2 1 1 1 1
2015 05 24     6  1 1 1 1 3 1 2 2     2  1 2 1 0 0 0 1 1     5  1 2 1 1 1 1 1 2
2015 05 25     3  0 0 0 1 2 1 2 1     0  1 0 0 0 0 0 0 0     4  1 1 1 1 1 0 1 1
2015 05 26     6  2 2 2 1 2 2 2 1     6  1 2 2 3 2 2 1 0     6  2 2 2 1 1 2 2 0
2015 05 27     6  0 1 1 1 3 2 2 2     9  0 1 1 2 4 4 0 1     6  1 1 2 1 3 2 1 2
2015 05 28     8  3 2 1 2 2 2 2 2    10  2 3 1 3 4 1 2 1     7  2 2 1 2 2 1 1 2
2015 05 29     5  1 1 1 2 2 1 2 2     4  0 1 1 1 1 2 2 1     7  1 2 2 2 2 2 2 2
2015 05 30     5  1 1 2 1 3 1 1 1     3  0 1 1 1 2 0 1 1     5  1 1 2 1 2 1 1 2
2015 05 31     6  1 1 2 1 2 2 2 2     4  1 1 1 0 1 2 1 2     5  2 1 2 1 1 2 1 2
2015 06 01     9  2 3 1 3 2 2 2 2     8  2 3 2 4 1 1 1 0     8  3 3 2 2 1 1 2 1
2015 06 02     4  0 0 0 1 3 1 2 1     1  1 1 0 0 0 0 0 0     3  1 1 1 1 1 0 1 0
2015 06 03     5  1 0 1 2 3 2 2 0     2  0 1 1 2 1 0 1 0     4  1 1 1 2 2 1 1 0
2015 06 04     4  0 0 1 1 2 3 1 1     0  0 0 0 0 0 0 1 0     3  0 1 0 1 1 1 1 1
2015 06 05     4  1 0 0 2 2 2 2 1     0  0 0 0 0 0 0 0 0     3  0 1 1 1 1 1 1 1
2015 06 06     7  1 3 1 2 3 2 1 1     4  0 3 1 2 2 0 0 1     5  1 2 1 2 2 1 1 1
2015 06 07     8  1 1 1 2 3 2 2 3     5  0 2 1 1 2 1 2 2     7  1 1 1 2 2 1 2 3
2015 06 08    22  4 3 5 4 3 3 3 3    41  3 5 6 4 5 5 5 3    33  4 4 6 4 4 5 3 4
2015 06 09    -1  4 3 3 2 3-1-1-1    -1  4 4 4 2 4-1-1-1    13  4 3 3 2 3 3 3 2
2015 06 10    11 -1-1-1-1-1-1 3 2     4 -1-1-1-1-1-1 0 2    12  3 2 3 3 2 2 3 3
2015 06 11     9  2 2 3 2 3 2 1 2    20  3 4 4 4 4 4 2 1     9  2 3 3 2 2 2 1 1
2015 06 12     8  2 2 1 2 2 3 2 2     7  1 2 2 2 2 3 1 1     7  2 2 1 1 2 2 2 2
2015 06 13    10  3 2 2 3 2 2 2 3    14  3 2 3 4 4 2 2 2    10  3 2 2 3 2 2 2 3
2015 06 14    19  4 3 4 5 3 2 2 2    35  4 3 5 7 3 3 3 2    20  4 3 4 5 2 3 3 3
2015 06 15    13  2 2 3 3 3 3 3 3    39  3 3 5 6 5 6 3 2    14  2 2 3 3 4 3 3 2
2015 06 16    10  2 3 3 2 2 3 1 2    16  3 3 4 3 4 3 1 2    11  3 3 3 2 2 3 2 2
2015 06 17    14  4 3 3 3 3 3 2 1    36  4 3 6 5 4 6 2 1    14  3 3 3 3 4 3 1 1
2015 06 18    -1  2 2 1 1 3 2-1-1    -1  3 2 2 3 4 3-1-1     7  3 2 1 2 2 2 1 1
2015 06 19    -1 -1-1-1-1-1-1-1-1    -1 -1-1-1-1-1-1-1-1     5  3 1 1 1 1 0 0 1
2015 06 20    -1 -1-1-1-1-1-1-1-1    -1 -1-1-1-1-1-1-1-1     3  1 1 1 1 0 0 0 1
2015 06 21    -1 -1-1-1-1-1-1-1-1    -1 -1-1-1-1-1-1-1-1     8  1 1 1 1 1 4 2 3
2015 06 22    57  1 4 5 3 4 5 8 5    81  1 4 5 4 6 7 8 6    55  1 3 4 3 4 5 8 5
2015 06 23    47  6 7 5 4 4 3 4 3    66  6 7 7 5 6 3 3 2    75  7 8 6 5 6 3 4 3
2015 06 24    -1  4-1-1-1-1-1-1-1    35  3 4 6 6 5 3 2 2    17  4 3 4 3 3 3 2 2
2015 06 25    19 -1-1-1-1-1 3 4 3    42  2 2 6 6 6 5 3 3    33  2 2 6 5 5 4 4 4
2015 06 26     9  3 3 2 3 2 0 1 2    13  3 3 4 4 1 1 0 3    10  3 3 2 3 2 1 1 3
2015 06 27     8  2 3 2 2 2 1 1 3    12  3 3 3 3 3 1 2 2     9  2 2 3 2 2 1 2 3
2015 06 28    12  2 3 3 3 3 2 3 2    22  2 4 4 4 5 4 2 1    13  3 3 3 2 3 2 3 2
2015 06 29     6  1 2 2 3 2 1 1 1     9  1 2 3 3 3 2 1 1     6  2 2 2 2 2 1 1 1
2015 06 30     8  1 3 2 1 3 1 2 2     5  2 3 2 0 0 1 1 1     6  1 2 2 1 1 1 2 3
2015 07 01     6  1 0 1 2 2 2 2 3     3  1 1 1 1 1 2 1 0     5  2 1 1 2 2 2 1 1
2015 07 02     4  0 0 1 2 3 1 1 1     1  0 1 1 0 0 0 0 0     3  1 1 1 1 1 0 0 1
2015 07 03     2  0 0 0 1 2 1 1 1     0  0 0 0 1 0 0 0 0     3  0 1 1 1 1 0 0 1
2015 07 04    21  2 2 2 2 4 3 5 5    13  1 2 0 0 4 3 4 4    19  1 2 1 1 3 3 5 5
2015 07 05    16  4 4 2 3 3 2 3 3    31  5 6 3 5 4 2 3 2    25  6 5 3 3 3 2 3 3
2015 07 06     9  3 4 2 1 2 1 2 1    18  4 3 5 4 3 1 2 1    10  4 4 2 2 1 1 2 1
2015 07 07     5  2 1 1 2 2 1 2 1     5  3 1 2 2 1 1 0 1     5  3 1 1 1 1 1 1 1
2015 07 08     5  1 1 1 1 2 2 2 2     5  2 1 2 2 1 2 1 1     5  1 1 1 1 1 2 2 1
2015 07 09     7  1 3 1 2 2 2 2 1     7  2 2 2 1 3 2 1 1     6  1 3 1 1 2 1 1 1
2015 07 10    11  1 1 1 1 2 2 3 5    -1  1 1 0 0 0 1 1-1    10  1 1 1 0 1 1 2 5
2015 07 11    20  4 5 3 3 3 3 2 3    44  6 6 5 4 5 5 3 2    23  4 5 4 3 3 3 4 3
2015 07 12    12  3 3 2 2 3 2 3 3    18  3 3 4 5 3 2 2 2    11  3 3 2 3 2 2 3 3
2015 07 13    22  2 4 4 5 3 3 4 2    45  3 6 6 5 5 5 4 3    32  3 5 5 5 4 4 5 3
2015 07 14     8  3 2 1 2 2 2 2 2     7  3 2 2 1 1 1 2 2     7  3 2 1 1 1 1 2 2
2015 07 15     6  1 2 1 2 2 2 2 2     5  0 2 1 1 2 2 1 2     7  1 2 1 2 2 2 2 3
2015 07 16    15  3 2 2 3 3 2 5 2    15  3 3 3 5 2 2 2 1     8  3 2 2 2 2 2 2 1
2015 07 17     7  2 2 2 1 3 2 1 1     7  2 2 1 3 3 2 0 0     5  2 1 2 1 2 1 1 0
2015 07 18     4  0 1 0 2 2 2 1 1     2  0 1 0 1 1 0 1 0     4  0 1 1 2 1 1 1 1
2015 07 19     3  1 0 0 2 1 2 2 0     1  0 0 1 2 0 0 0 0     3  0 1 1 2 1 1 1 0
2015 07 20     7  1 1 1 3 2 2 2 2     7  0 1 1 4 3 0 1 1     5  1 1 1 2 2 1 1 2
2015 07 21    12  3 3 2 3 2 2 3 3    19  3 3 4 5 4 2 2 2    10  3 3 3 3 2 2 2 3
2015 07 22     9  1 1 1 3 3 3 2 2     7  1 1 0 4 2 2 2 1     8  1 1 1 2 2 3 2 2
2015 07 23    21  3 4 5 3 3 3 3 3    33  3 4 7 4 3 3 3 2    23  3 4 5 3 3 3 4 3
2015 07 24     6  2 1 2 1 2 2 2 1    12  3 1 1 1 5 3 2 1     7  2 2 2 1 2 2 2 2
2015 07 25     9  2 1 2 2 3 2 2 3    12  3 2 3 3 4 1 2 2     9  3 2 3 3 2 1 2 3
2015 07 26     9  3 2 1 3 2 2 2 2     9  2 1 1 4 2 3 2 1     8  3 2 1 3 1 2 2 2
2015 07 27    13  2 2 3 3 2 2 3 4    30  2 2 5 6 5 3 4 2    11  2 2 3 4 3 2 2 2
2015 07 28     9  2 3 2 2 3 2 2 1    18  2 3 3 5 5 2 1 1     9  2 3 2 2 3 2 2 2
2015 07 29     7  2 2 1 2 2 2 3 0    10  2 2 1 4 4 1 1 1     5  2 2 1 1 2 1 2 1
2015 07 30    12  1 2 2 1 3 3 4 3     9  2 2 1 1 3 3 3 2    12  2 2 1 1 2 3 4 4
2015 07 31    16  3 3 2 3 4 3 3 3    15  2 2 2 2 5 3 3 3    14  3 3 2 2 3 4 3 3
2015 08 01     9  3 2 2 3 2 2 2 2     9  3 2 1 2 2 3 2 2    10  3 2 2 2 1 3 2 3
2015 08 02    13  4 3 3 2 3 2 2 2    13  3 2 3 1 5 2 1 1    11  4 2 3 1 3 2 2 2
2015 08 03     9  2 3 3 2 3 2 1 1     7  2 3 2 1 3 1 1 0     6  2 3 2 1 2 1 1 2
2015 08 04     9  2 2 2 2 3 2 1 3     6  2 1 1 2 3 1 1 2     7  2 2 1 1 2 1 1 3
2015 08 05     7  2 1 1 2 2 3 2 2     4  2 2 1 0 1 1 1 1     6  2 1 1 1 2 2 2 2
2015 08 06    12  2 2 3 4 3 2 2 2    25  2 2 4 6 5 3 2 2    11  2 2 2 4 3 2 2 3
2015 08 07    17  3 2 5 3 4 3 2 1    35  2 2 5 6 6 5 2 1    20  3 2 5 3 5 4 2 2
2015 08 08    15  1 3 3 4 3 3 3 3    19  2 2 4 5 4 3 3 2    12  2 2 3 3 3 2 3 3
2015 08 09    10  1 2 2 3 3 2 2 3    33  2 4 4 7 4 3 3 2    10  2 2 3 3 2 2 2 3
2015 08 10    13  3 4 4 3 2 1 2 1    16  3 3 4 4 4 2 2 1     9  3 3 3 2 2 1 2 2
2015 08 11     8  2 2 2 3 2 2 1 2    12  2 3 2 4 4 2 1 1     8  3 2 2 2 2 1 1 2
2015 08 12    12  2 3 3 2 3 3 2 3    17  3 3 3 0 4 5 2 2    12  2 3 3 1 2 3 3 3
2015 08 13    14  3 4 3 1 3 1 2 4    19  3 4 3 5 4 3 1 1    11  3 4 3 2 2 1 1 1
2015 08 14     4  1 0 0 2 2 1 2 1     1  0 0 0 0 1 0 1 1     4  1 1 1 1 1 1 1 1
2015 08 15    24  2 2 4 5 5 3 3 4    44  2 2 3 7 6 5 4 4    44  3 2 3 7 6 4 3 5
2015 08 16    27  4 4 6 3 3 2 4 3    43  4 5 7 4 4 5 3 3    36  5 5 6 4 3 3 4 4
2015 08 17    27  4 5 5 4 4 3 3 2    47  3 4 6 6 6 6 2 2    27  3 4 4 4 5 4 4 3
2015 08 18    10  3 3 3 3 1 2 1 2    11  3 3 3 3 1 3 1 2     9  3 3 3 2 1 2 1 2
2015 08 19    18  3 3 4 4 4 3 2 2    44  4 4 5 5 7 5 2 2    19  4 4 4 3 4 3 3 2
2015 08 20    11  2 3 1 3 3 2 3 2    28  2 2 3 4 7 3 2 1    13  2 3 2 2 4 2 3 3
2015 08 21     6  1 2 2 1 3 1 1 1     8  2 2 4 0 2 2 1 1     6  1 2 2 1 2 1 1 1
2015 08 22     8  1 1 2 3 3 2 2 2    19  1 1 3 5 5 4 2 1     9  2 1 2 3 3 2 2 2
2015 08 23    23  3 2 5 5 4 2 3 3    42  2 3 5 7 6 4 3 2    28  3 3 6 5 4 3 3 3
2015 08 24     7  3 2 1 2 2 2 2 1    19  2 2 5 5 4 1 2 1     8  3 2 2 2 2 1 2 1
2015 08 25     8  2 2 3 2 2 2 2 2    18  2 2 5 5 3 2 2 1     9  2 2 3 2 2 2 3 2
2015 08 26    19  3 3 3 4 4 2 3 4    47  3 3 5 6 6 6 4 4    30  3 3 4 4 4 4 4 5
2015 08 27    26  3 5 5 4 3 3 3 4    65  4 6 6 6 6 6 5 5    53  5 6 6 5 4 5 4 6
2015 08 28    28  5 4 3 3 5 3 4 4    57  5 4 5 5 5 6 7 3    43  6 4 4 3 5 5 6 4
2015 08 29    13  4 2 2 4 3 2 2 2    20  3 3 3 6 3 2 2 2    16  5 3 2 4 2 3 2 2
2015 08 30     5  1 1 2 2 2 2 1 1     4  2 2 1 1 1 1 1 1     5  2 1 2 1 1 1 1 1
2015 08 31     5  1 1 1 2 2 1 2 2     2  2 1 0 0 0 1 1 1     6  2 1 1 2 1 1 2 2
2015 09 01     7  2 2 1 2 2 2 2 2     5  1 1 1 2 3 1 1 1     6  2 2 1 2 2 1 1 2
2015 09 02    10  3 2 1 2 3 3 2 2     3  2 1 0 0 1 2 1 1     7  2 2 1 1 2 2 3 2
2015 09 03     9  2 3 2 2 2 2 2 3     8  1 3 2 2 3 2 1 1     9  2 3 2 2 2 2 2 3
2015 09 04    18  5 3 4 3 3 2 2 2    44  4 5 6 6 6 3 3 2    20  5 4 4 4 3 2 2 3
2015 09 05    10  1 3 3 2 2 2 3 2    20  2 2 4 5 4 4 2 2    13  2 3 3 2 2 3 4 2
2015 09 06    12  3 3 2 3 3 2 3 2    27  2 3 4 5 6 3 3 2    14  3 3 3 3 3 2 4 2
2015 09 07    27  1 3 3 3 4 5 5 5    84  2 4 6 5 7 8 6 5    46  2 3 4 3 5 6 6 6
2015 09 08    -1  5 5 2 2 3 0-1-1    -1  5 5 2 1 2 0-1-1    29  6 6 3 2 2 1 2 4
2015 09 09    -1 -1-1-1-1-1-1-1-1    -1 -1-1-1-1-1-1-1-1    59  4 6 6 5 6 4 6 6
2015 09 10    10  3 0 2 1 3 2 3 3    20  4 1 2 3 3 5 4 3    13  3 1 2 2 2 3 4 3
2015 09 11    36  2 4 6 4 5 5 4 4    70  2 4 7 7 6 7 2 3    59  3 4 7 6 5 6 4 4
2015 09 12    13  3 3 4 3 2 2 2 2    24  3 3 5 6 3 2 2 1    16  4 3 4 4 2 2 2 2
2015 09 13     8  1 1 2 3 2 3 2 2    32  1 1 4 6 5 6 3 1    11  1 2 2 3 2 3 3 3
2015 09 14    10  2 2 2 3 3 3 2 2    24  1 1 2 5 4 6 3 2    14  2 2 2 3 2 5 4 3
2015 09 15    17  4 4 3 3 2 3 3 3    36  2 2 5 6 6 5 2 2    18  4 4 3 3 3 3 3 3
2015 09 16     9  2 2 2 2 3 2 2 3    14  3 3 4 3 3 3 2 1    12  2 3 2 2 3 3 2 4
2015 09 17    12  4 2 2 3 3 1 1 3    24  3 2 6 6 2 1 0 1    12  4 3 3 3 2 1 0 3
2015 09 18    11  2 2 3 3 3 2 2 3    32  2 2 3 7 5 4 2 2    13  2 2 3 3 3 2 3 3
2015 09 19    12  3 3 3 3 3 2 1 2    21  2 2 5 6 3 0 1 2    16  3 4 5 3 2 0 1 3
2015 09 20    32  3 4 6 6 3 3 2 3    73  2 3 8 7 6 6 2 3    43  3 5 7 5 4 5 3 3
2015 09 21     9  3 3 2 2 2 2 1 2     6  3 2 2 2 1 1 1 0     9  3 3 2 2 2 2 1 2
2015 09 22     8  2 2 3 1 3 2 2 1    16  2 2 5 3 4 3 1 1    10  3 3 3 2 3 2 2 2
2015 09 23    13  1 2 3 4 3 3 3 2    29  1 1 5 5 5 5 4 1    14  2 2 3 3 3 4 3 2
2015 09 24     8  3 3 2 1 2 1 1 2     5  2 2 1 2 1 1 1 1     8  3 3 2 1 1 1 2 2
2015 09 25     6  2 1 1 2 3 1 1 1    18  2 1 1 6 5 1 0 1     7  2 2 1 2 3 1 1 1
2015 09 26     4  1 0 1 1 2 1 2 1     2  1 0 0 0 0 2 1 0     4  2 1 0 1 1 1 2 1
2015 09 27     4  0 1 1 1 2 2 2 1     2  1 1 1 0 0 0 1 1     4  1 1 1 1 1 1 2 2
2015 09 28     5  1 1 0 1 2 3 1 1     1  1 0 0 0 0 0 1 0     4  2 1 0 0 1 1 1 1
2015 09 29     5  2 2 1 2 2 1 1 0     7  1 2 4 3 0 0 1 0     6  2 3 2 2 1 0 1 1
2015 09 30     2  0 0 0 1 2 0 1 0     0  0 0 0 1 0 0 0 0     3  1 0 1 1 1 0 1 1
2015 10 01     8  1 1 2 2 2 3 3 2    15  1 1 3 3 3 5 3 2    11  2 1 2 1 3 4 3 3
2015 10 02     9  2 3 3 2 2 2 2 1    26  2 3 6 4 4 5 1 1    14  3 4 4 3 3 3 2 2
2015 10 03    10  2 2 3 2 2 3 3 1    31  2 4 5 4 5 6 2 2    11  2 4 3 2 2 3 2 1
2015 10 04    16  3 4 4 3 3 1 2 3    54  2 5 8 5 5 4 1 2    20  4 4 5 3 3 2 2 4
2015 10 05    12  3 3 3 4 3 1 1 1    52  2 3 6 8 5 3 2 1    18  4 3 4 5 3 1 2 2
2015 10 06    11  2 3 3 1 2 2 3 3    23  2 3 3 4 5 4 3 4    19  3 4 3 2 3 3 4 4
2015 10 07    44  3 6 4 4 5 4 6 5    51  3 4 6 5 5 6 6 4    77  4 6 6 5 5 6 7 6
2015 10 08    41  5 6 6 4 3 4 4 4    78  4 6 7 7 6 6 5 4    56  5 6 6 5 5 5 5 4
2015 10 09    15  4 3 2 2 3 3 3 3    50  3 3 2 7 7 4 4 4    26  4 4 3 4 4 4 4 4
2015 10 10     9  3 3 3 1 2 2 1 2    15  4 2 4 3 3 3 2 1    12  4 3 3 2 2 3 2 2
2015 10 11     8  3 2 2 2 2 2 2 2    18  3 2 3 4 5 3 2 2    12  4 3 2 2 2 2 3 3
2015 10 12    16  1 2 3 4 3 4 3 3    40  2 2 4 6 6 6 4 3    22  1 3 3 5 3 5 4 4
2015 10 13    18  2 4 4 4 2 3 3 3    41  2 3 6 6 3 6 4 4    25  3 4 4 4 2 4 4 4
2015 10 14    16  4 3 3 4 3 2 2 3    32  4 4 5 6 5 3 2 1    23  5 4 4 5 3 3 3 3
2015 10 15     9  3 2 3 2 2 2 2 2    12  2 2 4 4 3 2 1 1    10  3 3 3 2 2 1 2 3
2015 10 16     8  2 3 3 2 2 2 1 1     8  2 3 3 1 2 3 0 1     8  2 3 3 1 2 1 1 1
2015 10 17     9  2 2 2 2 3 2 3 2    17  1 2 3 4 5 4 2 1    11  2 3 2 2 3 2 4 2
2015 10 18    15  3 3 4 4 3 2 2 2    42  1 4 5 7 5 5 3 2    22  3 3 4 5 4 3 3 2
2015 10 19     3  1 2 1 1 1 1 1 0     1  0 0 0 0 2 1 0 0     5  1 2 1 1 1 0 1 1
2015 10 20     8  2 3 2 1 2 2 2 2    20  1 2 3 5 5 4 2 2     9  2 3 2 2 3 2 3 2
2015 10 21    12  1 2 1 3 4 2 2 4    22  2 1 3 5 6 2 2 2    12  1 3 1 4 4 2 2 2
2015 10 22     4  1 0 2 0 1 2 2 2     5  2 0 3 0 1 2 1 1     6  2 1 2 1 1 2 3 2
2015 10 23     5  2 0 1 1 2 1 2 2     7  2 1 1 2 3 3 1 1     7  3 1 1 1 2 2 2 3
2015 10 24    10  2 3 3 1 2 1 3 3     7  2 1 4 0 0 0 3 2    11  3 3 3 1 1 1 3 3
2015 10 25     7  2 1 3 1 3 2 1 1     6  2 1 3 3 2 0 0 0     8  2 2 3 2 3 2 1 1
2015 10 26     2  1 0 1 0 0 1 1 0     0  0 0 0 0 0 0 0 0     3  1 0 1 1 0 0 0 0
2015 10 27     3  0 1 0 1 2 1 1 1     4  0 0 0 2 3 1 0 1     4  0 1 1 1 2 0 1 2
2015 10 28     1  0 1 0 1 1 0 0 0     0  0 0 0 0 0 0 0 0     3  1 1 1 1 0 0 1 0
2015 10 29     4  0 1 1 1 2 1 2 2     5  0 0 2 3 3 1 0 0     5  1 1 1 2 1 1 1 2
2015 10 30     6  2 0 0 1 3 3 1 2    17  1 1 0 3 5 5 3 1     9  3 1 0 2 3 3 2 3
2015 10 31     6  0 1 1 1 2 3 2 2     6  0 0 0 1 4 2 1 2     6  1 1 1 1 2 2 2 3
2015 11 01     9  1 3 2 3 3 1 2 1    20  1 3 4 5 4 4 2 1    11  1 3 3 3 3 2 2 1
2015 11 02     5  1 0 1 1 3 2 1 2    17  1 0 0 0 6 5 0 1     7  1 1 1 1 3 3 1 2
2015 11 03    23  3 3 4 5 4 3 4 2    32  2 3 4 6 5 4 5 2    32  3 4 5 5 4 4 5 4
2015 11 04    31  5 4 5 5 5 3 2 2    55  3 4 6 7 7 4 2 1    33  5 5 5 5 5 3 3 2
2015 11 05    11  2 1 3 3 3 3 2 2    29  2 1 5 6 5 4 2 3    16  3 2 4 3 3 4 3 3
2015 11 06    11  3 1 2 2 2 2 3 4    13  3 1 2 2 3 3 3 4    15  4 2 2 2 2 2 4 4
2015 11 07    29  4 5 5 5 4 3 3 2    62  4 5 7 7 6 4 4 1    43  5 6 6 5 4 3 4 2
2015 11 08    11  1 1 0 2 4 2 4 3    36  2 1 0 5 7 5 4 3    14  2 1 1 2 3 3 4 4
2015 11 09    22  3 3 5 4 3 3 3 4    62  3 4 6 7 5 7 3 4    26  4 4 4 4 3 3 4 5
2015 11 10    32  4 3 4 5 6 4 3 3    61  4 4 5 7 7 5 4 4    38  4 4 5 5 6 4 4 4
2015 11 11    17  4 3 3 3 3 4 3 1    33  3 2 6 5 5 5 3 1    23  5 3 4 3 3 5 3 2
2015 11 12     4  1 0 1 2 2 2 1 1     8  0 0 2 5 1 1 0 0     5  2 1 2 2 1 1 1 1
2015 11 13    12  1 2 1 2 4 3 3 3    23  1 0 0 5 5 5 4 2    14  2 2 1 2 3 4 3 4
2015 11 14    10  3 3 2 2 3 2 1 2    22  3 3 4 6 4 2 0 1    10  3 3 2 2 2 2 1 2
2015 11 15     7  2 2 2 2 2 1 1 3    13  1 1 3 5 3 2 1 2     9  2 3 2 2 1 1 2 3
2015 11 16     9  3 2 2 2 3 2 2 2    41  2 3 6 5 6 6 3 1    14  4 3 3 3 3 3 3 3
2015 11 17     7  2 2 1 1 1 2 2 3    10  1 1 3 3 3 2 3 1     8  2 3 1 2 1 2 3 2
2015 11 18    14  1 3 1 3 2 2 3 5    16  0 1 3 5 3 4 2 3    17  1 3 2 3 2 3 3 5
2015 11 19     6  3 1 1 3 2 1 1 0    13  3 1 2 5 4 1 1 0     9  4 2 2 3 1 0 1 1
2015 11 20     6  1 2 2 3 1 1 1 1     3  0 1 2 3 0 0 0 0     6  1 2 3 3 1 0 1 1
2015 11 21     3  2 1 0 0 1 2 1 0     0  0 0 0 0 0 0 0 0     4  3 1 1 1 0 1 1 1
2015 11 22     3  1 1 1 0 0 2 1 1     0  0 0 0 0 0 0 0 0     3  1 1 1 0 0 0 1 1
2015 11 23     2  0 0 1 0 1 1 1 0     0  0 0 0 1 0 0 0 0     3  1 0 1 1 1 0 1 1
2015 11 24     1  0 0 0 0 1 1 0 0     0  0 0 0 1 0 0 0 0     2  0 0 0 1 0 0 0 0
2015 11 25     1  0 0 0 0 1 1 1 0     0  0 0 0 0 0 0 0 0     2  0 0 0 0 0 0 1 0
2015 11 26     2  0 0 0 0 0 2 1 1     0  0 0 0 0 0 0 1 0     3  0 0 0 1 0 1 1 1
2015 11 27     4  2 1 1 1 1 1 1 1     3  0 2 1 1 1 2 0 0     7  2 3 2 2 1 1 1 2
2015 11 28     5  0 1 1 1 2 1 2 3     9  1 0 1 2 5 1 1 2     8  1 1 1 2 3 1 2 3
2015 11 29     7  1 0 2 2 2 2 2 3     7  0 0 1 3 3 2 2 2     9  1 1 2 2 2 2 3 4
2015 11 30    10  2 3 3 3 2 2 2 2    25  3 3 6 5 3 3 2 2    19  3 4 5 4 2 2 2 2
2015 12 01    11  2 3 1 2 3 3 2 3    32  2 2 1 6 6 5 3 3    14  2 3 1 3 3 4 3 4
2015 12 02     7  2 2 3 2 2 2 1 1    16  2 1 4 5 3 3 2 1     9  3 2 3 2 3 2 2 1
2015 12 03     3  0 2 1 1 1 1 0 2     2  1 1 1 2 0 0 0 0     4  1 2 1 1 0 0 1 1
2015 12 04     4  0 3 1 1 1 1 1 1     1  0 0 1 1 1 0 0 0     5  1 3 2 1 1 0 1 2
2015 12 05    14  1 2 4 4 2 3 3 2    27  0 0 5 5 5 5 3 2    16  2 2 4 4 3 4 4 3
2015 12 06    26  2 4 2 5 5 4 3 4    52  2 4 4 7 7 5 3 3    24  3 4 3 5 4 4 4 4
2015 12 07    16  4 3 3 3 4 3 2 2    35  3 3 4 6 6 4 4 2    20  4 4 3 3 4 4 3 2
2015 12 08     9  4 2-1 2 2 1 2 1    17  3 2 1 5 5 2 1 1    11  4 3 2 2 3 1 2 2
2015 12 09     6  2 2 0 1 2 2 3 1     6  0 1 0 1 3 3 2 1     8  2 3 1 1 2 2 3 2
2015 12 10    18  2 4 3 4 2 3 3 4    34  2 4 5 5 6 4 4 2    23  3 5 4 3 3 3 4 4
2015 12 11    14  4 2 2 3 2 3 3 3    39  3 4 6 6 5 5 2 2    20  4 3 3 3 3 4 3 4
2015 12 12     8  2 3 2 2 2 2 2 1    20  2 2 5 5 4 3 2 1    12  3 4 3 2 2 3 2 2
2015 12 13     6  3 2 2 2 1 1 1 0    11  2 3 4 4 2 2 0 0     8  3 3 2 2 2 1 1 1
2015 12 14    15  2 1 0 1 3 4 3 5    31  0 0 2 4 4 6 6 4    22  2 2 1 2 3 5 4 5
2015 12 15    13  4 4 2 1 3 3 1 2    22  4 3 2 3 5 5 2 2    17  5 4 3 2 3 3 1 3
2015 12 16     5  3 2 1 0 2 1 1 1     5  3 2 0 2 0 0 2 0     7  4 3 1 0 1 0 1 1
2015 12 17     6  1 1 0 1 2 2 3 2     8  0 0 0 3 3 3 3 2     7  1 1 1 1 1 2 4 2
2015 12 18     4  1 0 1 1 1 2 1 2     3  1 0 1 1 0 1 1 2     5  2 1 1 1 1 1 1 3
2015 12 19     8  1 1 1 1 2 3 3 3     8  0 0 0 2 1 4 3 3    12  2 1 1 1 1 4 4 4
2015 12 20    33  3 5 4 4 4 5 4 5    89  2 6 6 7 7 7 6 5    66  4 6 5 5 5 6 6 6
2015 12 21    22  5 5 4 4 2 2 2 2    49  3 6 6 7 5 3 2 2    38  6 6 5 4 3 3 2 3
2015 12 22     8  2 2 2 3 2 1 2 2    27  2 2 3 7 4 2 1 2    13  3 3 3 4 2 1 2 2
2015 12 23     7  1 2 2 1 2 2 2 3    14  2 2 3 4 4 3 2 2    11  2 2 2 2 2 2 3 4
2015 12 24     8  2 2 3 1 2 2 2 2    17  2 3 4 3 5 2 2 2    12  3 3 3 2 3 2 3 3
2015 12 25     6  1 1 3 1 2 2 2 1     9  2 1 3 3 3 2 2 1     9  3 2 3 2 2 2 2 2
2015 12 26    11  2 2 2 2 3 2 2 4    17  1 2 2 2 5 4 2 4    15  3 2 2 2 3 3 3 5
2015 12 27     7  2 2 2 2 2 2 2 2    15  2 2 3 5 4 2 1 1    11  3 2 3 2 3 2 2 2
2015 12 28     3  1 1 1 1 1 1 1 1     6  1 0 1 3 4 1 0 0     5  1 1 1 2 2 1 1 1
2015 12 29     4  2 1 1 0 2 2 1 1     6  2 1 0 1 3 3 1 1     6  2 1 1 1 2 2 2 2
2015 12 30     2  0 0 0 1 1 1 1 1     4  0 0 1 2 3 2 0 0     4  1 0 1 1 1 1 1 2
2015 12 31    25  3 3 4 4 4 3 4 5    61  2 2 6 5 7 6 6 5     6  4 3 4 4 6 4 5 6
